1576882967401 8.156215122767856 0
1576882968863 9.790419541396101 1
1576882970306 8.840363737824672 2
1576882971691 7.5542975091314934 3
1576882973042 8.27081853693182 4
1576882974276 9.7287502536526 5
1576882975520 6.200949928977273 6
1576882976960 11.812791700487017 7
1576882978236 9.541380250608768 8
1576882979684 7.620215477881495 9
1576882981013 9.328010856331167 10
1576882982419 11.9642381544237 11
1576882983778 10.521065848214288 12
1576882984968 6.873335404829546 13
1576882986401 8.908453606939934 14
1576882987828 10.72075385551948 15
1576882989246 12.094964361810064 16
1576882990964 11.413558365462665 17
1576882992387 11.792895824878247 18
1576882994011 13.239048549107139 19
1576882995296 7.962709897524349 20
1576882996566 9.111375684862011 21
1576882997948 9.379232827719157 22
1576882999425 13.104469992897727 23
1576883000737 7.262343369521104 24
1576883002080 8.654357117491884 25
1576883003631 13.171418425324674 26
1576883004982 7.112196885146103 27
1576883006942 13.475801542207792 28
1576883008805 13.429192877435067 29
1576883010102 9.190499441964286 30
1576883011646 9.334986302759742 31
1576883013262 11.458280489042211 32
1576883014570 7.950423599837661 33
1576883016242 12.654712231128249 34
1576883017617 9.424858588676948 35
1576883019136 10.151050121753249 36
1576883020570 12.793618734780848 37
1576883022000 9.68853046367695 38
1576883023538 10.371426669034092 39
1576883024799 7.706045175527598 40
1576883026144 11.148792613636365 41
1576883027604 11.546805245535715 42
1576883029006 8.954269607345779 43
1576883030471 11.624391233766232 44
1576883032006 12.084612165178571 45
1576883033484 9.179624086850648 46
1576883034931 10.95898120434253 47
1576883036148 6.995595956777597 48
1576883037784 12.025526963271103 49
1576883039272 10.329288631290586 50
1576883040731 12.347380402800328 51
1576883042123 8.926890980113635 52
1576883043590 8.835068739853897 53
1576883045137 10.708277318384742 54
1576883046581 10.4221096286526 55
1576883048418 14.088150618912337 56
1576883049839 10.219155844155846 57
1576883051376 10.472491375811689 58
1576883052973 9.119540127840908 59
1576883054605 11.866344105113642 60
1576883056073 9.440981381899348 61
1576883057464 11.146065848214288 62
1576883058853 9.938790457589286 63
1576883060628 12.753589184253242 64
1576883062014 11.728848544034093 65
1576883063330 10.289306640625004 66
1576883065123 11.800870028409088 67
1576883066528 9.27336457487825 68
1576883068283 13.688140472808438 69
1576883069645 11.462830382508118 70
1576883071211 13.496886414366882 71
1576883072585 11.080544211647728 72
1576883073977 9.785489169034088 73
1576883075619 10.845899705762987 74
1576883077149 12.246775441355519 75
1576883078538 10.02051415381494 76
1576883080048 8.623031021712663 77
1576883081452 8.793263621144483 78
1576883082846 9.206558822037339 79
1576883084279 10.169297255478892 80
1576883086085 14.559009106128249 81
1576883087601 10.469384131493504 82
1576883089140 10.69478617086039 83
1576883090998 15.77086609679383 84
1576883092572 12.814434101055195 85
1576883094053 11.391395469764609 86
1576883095449 8.857865767045451 87
1576883096878 10.101159826501622 88
1576883098359 10.917667537540586 89
1576883099719 10.176700740665584 90
1576883100979 10.643548346185064 91
1576883102344 9.134410511363637 92
1576883103791 11.491968724634743 93
1576883105376 11.852852957589281 94
1576883106733 11.543095576298704 95
1576883108218 9.08635919744318 96
1576883109666 9.616619952313311 97
1576883111248 12.496591543222399 98
1576883112572 10.706802962662337 99
1576883113999 10.820708832183438 100
1576883115560 14.46425400771104 101
1576883117025 11.086901379870131 102
1576883118545 11.358246245941565 103
1576883119930 9.758126395089285 104
1576883121316 10.109213296469155 105
1576883122776 7.891560343952923 106
1576883124132 9.107301390016234 107
1576883126010 11.840630073051946 108
1576883127584 13.05351752739448 109
1576883128825 10.805457969764609 110
1576883130177 10.350563742897723 111
1576883131535 10.945379083806817 112
1576883132888 11.109333781452923 113
1576883134702 16.040895140016232 114
1576883136116 10.340417639001624 115
1576883137564 9.192798168628247 116
1576883138873 7.851689326298702 117
1576883140412 9.393484933035717 118
1576883141749 9.67359666700487 119
1576883143168 11.297544008725648 120
1576883144645 9.3419141893263 121
1576883146201 11.035901354504865 122
1576883147750 11.237507609577921 123
1576883149345 13.528735668628247 124
1576883150834 12.560971743100652 125
1576883152277 11.590163986404221 126
1576883153770 9.73551960734578 127
1576883155178 10.516959846793831 128
1576883156615 9.349793273133116 129
1576883157903 13.644860998376622 130
1576883159303 11.267882508116887 131
1576883160772 11.753040660511362 132
1576883162358 11.912825943587663 133
1576883163887 11.919389204545459 134
1576883165982 16.138884309050322 135
1576883167506 11.9447069044237 136
1576883168848 12.284775771103897 137
1576883170249 10.473680372362015 138
1576883171720 13.736714945211041 139
1576883173293 11.585534826501625 140
1576883174695 10.329034978693185 141
1576883176207 9.467091746144483 142
1576883178176 13.101394455154225 143
1576883180143 15.497682249391232 144
1576883181417 8.995725953733768 145
1576883182831 9.886855088271103 146
1576883184363 12.742856508725646 147
1576883185885 11.521614371956169 148
1576883187391 10.145739270495131 149
1576883188972 10.911865234375 150
1576883190573 16.108842329545453 151
1576883192019 10.653535917207796 152
1576883193467 8.550264432832794 153
1576883194789 8.278475674715908 154
1576883196287 10.925879540381496 155
1576883198364 11.087123325892861 156
1576883199690 9.134410511363638 157
1576883201027 9.294972605519478 158
1576883202476 14.077417943384742 159
1576883203973 12.218937068790584 160
1576883205326 9.755906934862011 161
1576883206931 9.125865589488638 162
1576883209141 15.312500000000004 163
1576883210389 9.216023234577921 164
1576883211909 13.697430499188311 165
1576883213531 12.95571859780844 166
1576883215159 12.929243607954543 167
1576883216725 10.937531706574676 168
1576883218270 12.475221311891225 169
1576883219768 13.176301237824672 170
1576883221117 9.107935521509742 171
1576883222508 8.832040761972404 172
1576883224621 16.09590604707792 173
1576883226107 10.252162388392856 174
1576883227656 11.021760222199678 175
1576883229163 10.409316025771105 176
1576883230806 13.862082741477272 177
1576883232309 12.6600389356737 178
1576883233693 8.294091162743507 179
1576883235137 12.191875507305197 180
1576883236675 11.369834998985391 181
1576883238123 9.123091264204547 182
1576883239554 9.058948863636365 183
1576883240927 11.877377993100653 184
1576883242279 11.314855798498375 185
1576883243739 12.585782137784088 186
1576883245161 10.921583299512983 187
1576883246565 10.146579494724026 188
1576883248092 12.350043755073052 189
1576883249540 10.878605037540583 190
1576883251201 12.986299589082792 191
1576883252730 13.743341619318182 192
1576883254222 14.334558264001629 193
1576883255783 12.764163326907463 194
1576883257938 13.166678292410715 195
1576883259363 10.904382482751624 196
1576883260898 12.700639204545453 197
1576883262545 11.213014280641234 198
1576883263883 10.33439338981331 199
1576883265272 11.749267578125002 200
1576883267043 15.619181843547079 201
1576883268962 11.671348670860391 202
1576883270515 8.377796519886363 203
1576883271969 11.119432325487013 204
1576883273618 10.963467684659095 205
1576883275104 11.53298117897727 206
1576883276657 8.830487139813313 207
1576883278027 10.9375 208
1576883279438 10.27757520799513 209
1576883281024 13.926558061079545 210
1576883282360 11.032302658279223 211
1576883283831 10.073194627637989 212
1576883285227 10.2175388088474 213
1576883287069 11.256991299715905 214
1576883288472 12.47666396103896 215
1576883290660 14.76579938616071 216
1576883292313 13.435375659496753 217
1576883293764 10.915305397727272 218
1576883295354 13.81862888088474 219
1576883296752 10.649207969764609 220
1576883298178 11.743465274959414 221
1576883299602 10.376277774959412 222
1576883301255 11.916392933238637 223
1576883302656 10.805759182224026 224
1576883304050 10.243649173092537 225
1576883305466 9.381975446428571 226
1576883306991 10.033529702719154 227
1576883308376 10.093978287337661 228
1576883309711 9.334589970576296 229
1576883311170 10.485823990462663 230
1576883312497 8.663123985389607 231
1576883313920 13.013947722199676 232
1576883315329 10.724558644480517 233
1576883316747 9.7275295505276 234
1576883318341 10.996299842735391 235
1576883319916 12.1776075487013 236
1576883321387 12.16592367593344 237
1576883322634 9.874759030032468 238
1576883324036 10.274800882711041 239
1576883325404 11.698885830965908 240
1576883326792 10.759705382508114 241
1576883328263 12.89385907061689 242
1576883329518 8.737412489853897 243
1576883330967 12.834567775974028 244
1576883332349 11.828137682629865 245
1576883333787 8.447233918425326 246
1576883335169 9.12883015422078 247
1576883336544 12.609879134537342 248
1576883337864 8.132276658887985 249
1576883339239 10.058910815746755 250
1576883340684 12.098705737621753 251
1576883342094 10.752444576907466 252
1576883343536 10.481036297686689 253
1576883345034 10.083435851258114 254
1576883346448 11.325223848417206 255
1576883347982 9.663783482142861 256
1576883349392 12.760326831371753 257
1576883350716 8.709811916599024 258
1576883352160 11.09760234882305 259
1576883353701 10.644055651379869 260
1576883355118 11.336654068587661 261
1576883356579 11.320784927962665 262
1576883358057 11.035663555194803 263
1576883359372 10.841983943790583 264
1576883360924 9.040527343749996 265
1576883362351 10.765919871144483 266
1576883363797 9.789230544845779 267
1576883365327 13.041532442167208 268
1576883366722 11.712424538352272 269
1576883368131 12.481213854504867 270
1576883369681 11.558822037337658 271
1576883371054 10.53771179991883 272
1576883372633 14.18647270698052 273
1576883374019 13.816441127232144 274
1576883375422 11.384895621956165 275
1576883376838 9.747837611607144 276
1576883378284 9.365170961850646 277
1576883379756 10.212655996347399 278
1576883381150 9.864073914366884 279
1576883382536 10.708626090706169 280
1576883383960 10.661525974025974 281
1576883385245 8.673856660917208 282
1576883386666 10.655057832792206 283
1576883388234 11.45988167106331 284
1576883389551 9.397479961444805 285
1576883391031 10.644404423701298 286
1576883392511 10.486252029220779 287
1576883393933 12.553235338879867 288
1576883395421 10.613585633116882 289
1576883396691 8.004435749797077 290
1576883397955 8.227174436891234 291
1576883399436 12.142429104099026 292
1576883400779 8.584856305803573 293
1576883402084 9.989552683644481 294
1576883403309 7.6227361505681825 295
1576883404609 7.863151253043828 296
1576883405982 9.161345246550326 297
1576883407454 11.063898259943182 298
1576883408974 10.504340630073052 299
1576883410188 9.170492593344157 300
1576883411530 10.44741147524351 301
1576883412761 9.208001471185064 302
1576883414096 11.739501953125 303
1576883415569 11.222383573457794 304
1576883416949 9.256306437702921 305
1576883418255 9.483373072240258 306
1576883419724 9.578191583806817 307
1576883420998 8.836701628449678 308
1576883422455 12.209726308847406 309
1576883423676 9.223648665787337 310
1576883425114 10.652346920657466 311
1576883426437 10.128570160308444 312
1576883428338 15.30682452313312 313
1576883429602 8.390225497159093 314
1576883431025 9.011452414772727 315
1576883432405 11.301539037134742 316
1576883433946 11.535184785917204 317
1576883435506 10.270615614853893 318
1576883436917 9.083521459009736 319
1576883438393 10.352085658482142 320
1576883439651 9.517695439326301 321
1576883441140 12.447731711647721 322
1576883442380 7.660736480316559 323
1576883443795 10.832360998376622 324
1576883445302 13.070147625811687 325
1576883446921 14.50937246347403 326
1576883448327 8.279918323863633 327
1576883449790 10.832582944399348 328
1576883451065 8.896627054586036 329
1576883452488 8.94964044744318 330
1576883453717 10.117774071631493 331
1576883455009 8.376956295657468 332
1576883456496 11.020174893465912 333
1576883457935 10.087034547483766 334
1576883459317 9.267261059253245 335
1576883460612 7.923980316558444 336
1576883462014 9.49117288961039 337
1576883463586 13.082338803774348 338
1576883465125 11.609394023944809 339
1576883466573 12.00943587662338 340
1576883467990 11.89716289569805 341
1576883469384 11.659791624391234 342
1576883470884 13.694909826501622 343
1576883472307 12.293812144886362 344
1576883473691 9.626877029220779 345
1576883475149 12.360205712256489 346
1576883476587 12.241496296672082 347
1576883477925 9.953407188514612 348
1576883479454 9.660898183847404 349
1576883480835 10.391259131493506 350
1576883482237 10.919379692573049 351
1576883483552 10.680946251014609 352
1576883484851 6.238981965300325 353
1576883486199 8.046827440137985 354
1576883487588 9.651655717329547 355
1576883488957 10.684433974228897 356
1576883490296 9.730462408685064 357
1576883491616 9.963363052962665 358
1576883492865 10.908456777597404 359
1576883494340 13.233135272930191 360
1576883495693 9.104939250202923 361
1576883496958 8.693213524756494 362
1576883498285 7.921316964285714 363
1576883499644 8.048460328733764 364
1576883501052 9.65443004261364 365
1576883502524 8.589739118303575 366
1576883503913 10.370729124391236 367
1576883505353 13.175381747159088 368
1576883506647 7.8244216720779205 369
1576883508888 14.196935876623376 370
1576883510109 9.656649502840908 371
1576883511426 10.212101131290584 372
1576883512705 8.112491756290584 373
1576883514200 11.030241730925322 374
1576883515601 13.475769835633118 375
1576883516933 9.989441710633116 376
1576883518224 8.365858994521103 377
1576883519647 9.565382127637982 378
1576883521028 10.984663529829547 379
1576883522376 9.140450613839285 380
1576883523882 10.718613661728897 381
1576883525242 10.611001547280843 382
1576883526543 8.481873351258118 383
1576883527902 11.859955230316558 384
1576883529210 8.557509385146103 385
1576883530494 8.372802734375002 386
1576883531944 10.697259283685067 387
1576883533319 10.017517882508116 388
1576883534592 7.274011389001623 389
1576883536222 12.066301618303573 390
1576883537594 11.831102247362015 391
1576883539082 11.427572671469155 392
1576883540569 12.508180296266234 393
1576883541950 11.898764077719157 394
1576883543326 9.964726435673702 395
1576883544880 12.643789316152596 396
1576883546300 11.513006036931818 397
1576883547630 9.017223011363635 398
1576883548960 8.117485541801948 399
1576883550471 9.085249467329549 400
1576883551714 8.760827795251624 401
1576883553141 9.608598188920455 402
1576883554373 8.31118100649351 403
1576883555729 9.179988712459416 404
1576883557052 8.580005199878247 405
1576883558417 12.636845576298702 406
1576883559778 9.366359958400972 407
1576883561128 9.661833527800324 408
1576883562444 10.023843344155843 409
1576883563764 9.264787946428571 410
1576883565047 8.530178317775976 411
1576883566348 10.024096996753244 412
1576883567652 10.67217938311688 413
1576883569244 13.219739245129869 414
1576883570515 8.612932477678571 415
1576883571892 7.4618886972402585 416
1576883573295 9.667160232345779 417
1576883574858 10.149544059456169 418
1576883576126 8.595176795860388 419
1576883577419 6.569808365462663 420
1576883578941 11.489987063717534 421
1576883580238 8.56935179078734 422
1576883581619 9.15587586241883 423
1576883582881 9.604936079545457 424
1576883584133 7.650558669845779 425
1576883585505 8.189396053165584 426
1576883586831 7.120377181412339 427
1576883588279 11.346784319196425 428
1576883589606 9.540159547483766 429
1576883590974 8.701964539366886 430
1576883592304 9.791560978084417 431
1576883593581 7.991895799512989 432
1576883594943 8.402178875811689 433
1576883596387 9.61895038555195 434
1576883597890 11.685156884131496 435
1576883599193 9.947715858360391 436
1576883600547 8.166313666801948 437
1576883601854 8.715519100040586 438
1576883603286 8.438324370941558 439
1576883604781 9.879388189935064 440
1576883606296 12.164290787337665 441
1576883607555 7.6764153814935066 442
1576883608888 9.370925705154221 443
1576883610182 8.539912236201296 444
1576883611509 8.30288973721591 445
1576883612740 9.214612292004869 446
1576883614117 10.877669693587663 447
1576883615501 8.520412692775972 448
1576883616821 10.095278256899352 449
1576883618114 9.480535333806817 450
1576883619440 10.171263063108766 451
1576883620726 8.354460480925326 452
1576883622017 8.998278332995126 453
1576883623442 9.81738598315747 454
1576883624781 10.064348493303573 455
1576883626817 13.09831891741071 456
1576883628262 10.003899908685062 457
1576883629617 8.949386794845775 458
1576883630993 8.095544592126625 459
1576883632313 10.22433986911526 460
1576883633649 10.004645013189936 461
1576883635149 12.866226790787339 462
1576883636387 8.725871296672079 463
1576883637707 7.891861556412338 464
1576883639385 15.056659648944805 465
1576883640775 8.847941609172077 466
1576883642362 10.269474178165584 467
1576883643965 9.234333781452923 468
1576883645271 8.23472060166396 469
1576883646810 10.48577643060065 470
1576883648095 9.459038276176948 471
1576883649343 7.663320566152597 472
1576883650732 9.503427480722404 473
1576883651993 8.471838220373375 474
1576883653559 10.58742770900974 475
1576883655031 9.92888215300325 476
1576883656435 9.762010450487013 477
1576883657722 8.091406884131494 478
1576883659229 12.077097706980515 479
1576883660523 8.532984349634742 480
1576883662069 11.663517146915584 481
1576883663383 9.391852044439938 482
1576883664873 10.217903434456169 483
1576883666363 9.681000152191558 484
1576883667915 13.458600725446429 485
1576883669280 8.981457995129867 486
1576883670728 9.759759283685064 487
1576883672048 9.406104149756494 488
1576883673464 11.82311219054383 489
1576883675154 15.84423511059253 490
1576883676393 8.554592380275976 491
1576883677819 11.628148462865262 492
1576883679157 8.835924817370127 493
1576883680575 10.752603109780846 494
1576883681853 8.993363813920455 495
1576883683211 8.548710810673702 496
1576883684707 11.391538149350644 497
1576883685954 7.7912407416801965 498
1576883687509 12.670533811891238 499
1576883689066 11.475180093344155 500
1576883690557 12.252561891233768 501
1576883691914 9.311364904626625 502
1576883693417 12.041808289366879 503
1576883694926 13.047461571631493 504
1576883696401 10.009115640219155 505
1576883697663 9.50778713474026 506
1576883699204 11.301729276582792 507
1576883700692 12.075623351258116 508
1576883702146 10.03016880580357 509
1576883703549 10.873642958603895 510
1576883704896 9.316025771103897 511
1576883706356 11.480364118303568 512
1576883707850 13.001629717938311 513
1576883709332 11.766103769277592 514
1576883710799 8.86710823356331 515
1576883712314 12.646642907873375 516
1576883713730 9.126658253855522 517
1576883715408 15.389483563311689 518
1576883716799 8.174636642654221 519
1576883718273 11.300286627435062 520
1576883719795 12.24649008218344 521
1576883721172 9.044934557629873 522
1576883722558 8.818787413758118 523
1576883723999 10.57277927150974 524
1576883725502 12.131300096387987 525
1576883726922 11.686710506290583 526
1576883728303 10.67118062601461 527
1576883729667 14.560816380884742 528
1576883731090 11.392029601258118 529
1576883732453 11.009489777800322 530
1576883733885 10.584510704139609 531
1576883735254 9.980627282873375 532
1576883736753 9.21402572037338 533
1576883738180 9.076450892857144 534
1576883739889 13.519445642248378 535
1576883741334 10.796659395292204 536
1576883742793 11.882704697646103 537
1576883744151 11.890504515016232 538
1576883745610 11.90412248883929 539
1576883746975 10.088397930194802 540
1576883748372 10.199846540178571 541
1576883749907 9.671630859374996 542
1576883751341 8.948752663352272 543
1576883752794 9.275805981128247 544
1576883754313 12.81636820211039 545
1576883755703 9.252945540787334 546
1576883757169 10.478594891436687 547
1576883758668 9.391550831980519 548
1576883760125 11.891915457589288 549
1576883761525 9.387381417410717 550
1576883763081 11.254708426339286 551
1576883764594 9.663973721590907 552
1576883766137 9.845493861607146 553
1576883767771 12.545546494521107 554
1576883769374 13.053279728084414 555
1576883770793 12.062893161525972 556
1576883772300 14.268941507711043 557
1576883773958 14.210775796469159 558
1576883775585 13.268646636566562 559
1576883777071 13.09034471387987 560
1576883778571 10.556688184862013 561
1576883779824 9.754464285714286 562
1576883781469 15.466942725243504 563
1576883783028 14.068841314935066 564
1576883784849 14.07175831980519 565
1576883786728 15.020815366274354 566
1576883788122 12.501965807629869 567
1576883789544 9.394816609172073 568
1576883791154 9.953518161525974 569
1576883792622 8.777695692978895 570
1576883793931 8.218328302556818 571
1576883795328 9.297889610389612 572
1576883796625 8.898228236607144 573
1576883798251 13.7172946682224 574
1576883799544 8.150000634131493 575
1576883801043 9.62957208806818 576
1576883802808 13.31739549512987 577
1576883804039 8.394188818993506 578
1576883805631 14.705176415381493 579
1576883806941 7.781173904220778 580
1576883808737 11.569031554383116 581
1576883810061 9.520327085024352 582
1576883811435 9.135456828327925 583
1576883812921 10.379971590909092 584
1576883814287 9.48684494216721 585
1576883815749 10.296297940340907 586
1576883817135 11.377159217735393 587
1576883818530 9.513446758319802 588
1576883820025 12.439678241680198 589
1576883821416 10.700604327313311 590
1576883822922 12.917321935876624 591
1576883824456 10.88204520089286 592
1576883825864 11.277679839691558 593
1576883827268 10.263085303368504 594
1576883828819 14.64762898234578 595
1576883830284 11.468822925121751 596
1576883831700 9.346020190746753 597
1576883833195 11.324589716923704 598
1576883834758 12.13718166599026 599
1576883836200 14.320734197443182 600
1576883837813 13.058939351663962 601
1576883839241 10.97806856229708 602
1576883840589 9.637482878449676 603
1576883842761 16.421580128855517 604
1576883844082 11.446184430803573 605
1576883845696 12.784518947849024 606
1576883847318 13.507460557021103 607
1576883848808 10.58091200791396 608
1576883850370 9.780019784902596 609
1576883851902 13.128218217329543 610
1576883853301 9.817496956168833 611
1576883854664 10.216207132711038 612
1576883856205 11.751962636972404 613
1576883857743 13.396344866071434 614
1576883859177 12.734057934253247 615
1576883860770 14.316247717126625 616
1576883862107 8.779883446631494 617
1576883863490 9.880672306209417 618
1576883864978 11.384879768668831 619
1576883866679 13.729533406047082 620
1576883868176 12.322760247564934 621
1576883869783 10.448552911931817 622
1576883871217 11.896021459009742 623
1576883872730 14.173599837662335 624
1576883874056 10.347456498579549 625
1576883875414 11.997197138798702 626
1576883876771 9.39995307426948 627
1576883878702 13.013250177556822 628
1576883880068 10.491134841720786 629
1576883881576 11.915631975446427 630
1576883882974 13.463895723417206 631
1576883884965 13.465766411323054 632
1576883886454 10.034576019683438 633
1576883887739 7.677604378043831 634
1576883889099 10.095674589082792 635
1576883890592 10.822183187905843 636
1576883892052 7.207380022321429 637
1576883893601 13.741566051136363 638
1576883895150 12.15785435267857 639
1576883896738 14.017983969155846 640
1576883898297 12.677572671469157 641
1576883899858 12.275501598011363 642
1576883901362 11.689453124999998 643
1576883902718 10.092773437500002 644
1576883904311 13.003627232142854 645
1576883905718 11.85225053267046 646
1576883907199 12.24652178875812 647
1576883908606 10.895837560876627 648
1576883909911 8.368665026379873 649
1576883911421 13.474691812094155 650
1576883912843 10.793044845779221 651
1576883914318 11.056906960227272 652
1576883915698 11.049551034902597 653
1576883917200 13.179107269683437 654
1576883918781 13.23993633319805 655
1576883920331 11.799316406250007 656
1576883921927 15.929462383319809 657
1576883923495 13.658478972199674 658
1576883925084 11.479444627637985 659
1576883926505 13.076948686079547 660
1576883928083 9.352821251014612 661
1576883929654 11.102215655438313 662
1576883931296 15.524109679383116 663
1576883932675 13.220294110186689 664
1576883934514 16.25401088169643 665
1576883935992 10.263307249391232 666
1576883937396 11.809605189732146 667
1576883938738 12.217304180194803 668
1576883940248 11.882149832589288 669
1576883942066 15.469130478896101 670
1576883943698 14.804417994115262 671
1576883945278 14.732285536728895 672
1576883946934 14.37092570515422 673
1576883948557 14.478300020292204 674
1576883950075 13.153599330357142 675
1576883951593 14.086406757305197 676
1576883952989 12.697436840503247 677
1576883954598 9.531091467126624 678
1576883956213 11.934640066964288 679
1576883957725 11.423989828530848 680
1576883959309 11.960576045048697 681
1576883960823 12.981321656858762 682
1576883962346 10.81327364042208 683
1576883963852 11.71156846083604 684
1576883965525 16.025105265827925 685
1576883966877 11.367916751217532 686
1576883968374 11.646871195211038 687
1576883970002 10.810578581574678 688
1576883971793 13.233056006493506 689
1576883973692 14.865326324066555 690
1576883975661 16.409531630478895 691
1576883977327 14.128941127232142 692
1576883978805 13.079136439732144 693
1576883980762 14.889011135349026 694
1576883982341 14.657917765827921 695
1576883983918 11.707985617897728 696
1576883985399 12.496750076095777 697
1576883986973 13.82149832589286 698
1576883988620 15.798149604301944 699
1576883990533 15.44623833198052 700
1576883992361 13.899892831777594 701
1576883993992 16.501892882508116 702
1576883995557 11.909956498579545 703
1576883997115 13.288479099025977 704
1576883998573 11.614736581777597 705
1576884000455 15.443020114650976 706
1576884009005 21.97481229707791 707
1576884010405 10.236435927353895 708
1576884012013 13.198020241477272 709
1576884013430 8.859641335227273 710
1576884014950 12.97372793222402 711
1576884016470 12.339231813108762 712
1576884017890 13.239016842532468 713
1576884019837 15.951989904626622 714
1576884021268 13.060413707386363 715
1576884022732 12.28163682021104 716
1576884024248 12.017949091923702 717
1576884025772 11.342456371753245 718
1576884027235 12.585243126014612 719
1576884028767 12.23815125304383 720
1576884030182 11.27265434760552 721
1576884031618 10.231109222808442 722
1576884033121 13.039408101663957 723
1576884034696 12.88150935978084 724
1576884036178 12.202180144074678 725
1576884037662 12.684151785714285 726
1576884039235 12.481657746550324 727
1576884041240 15.022258015422075 728
1576884042720 12.402185217126618 729
1576884044130 10.836990158279221 730
1576884045706 13.600329114245131 731
1576884047122 11.280644404423702 732
1576884048506 10.146817294034088 733
1576884050065 14.15589171570617 734
1576884051699 12.233109907670451 735
1576884053181 11.881325461647725 736
1576884054783 13.78817471590909 737
1576884056386 15.783199954342532 738
1576884058049 14.911570363230519 739
1576884059639 12.0106248731737 740
1576884061282 14.489777800324678 741
1576884062669 9.935841746144478 742
1576884064318 14.055112368100653 743
1576884066024 13.9182033786526 744
1576884067996 14.204783253855522 745
1576884069441 11.033824573863635 746
1576884071089 15.093185622970777 747
1576884072551 9.860998376623375 748
1576884073966 9.560435901988633 749
1576884075485 13.466781021712661 750
1576884077210 14.022296063311689 751
1576884078641 12.08697430499188 752
1576884080875 20.442116477272727 753
1576884082454 14.903405920251622 754
1576884083833 8.848575740665588 755
1576884085551 14.560737114448052 756
1576884087508 15.309678114853893 757
1576884089003 13.023126775568185 758
1576884090528 13.045242111404216 759
1576884092167 13.901414747362013 760
1576884093690 11.593461470170455 761
1576884095228 13.102393212256493 762
1576884096746 11.74839564732143 763
1576884098831 16.749790736607142 764
1576884100993 18.677455357142854 765
1576884102828 13.577389407467532 766
1576884104769 17.080807376217532 767
1576884106608 16.22537984476461 768
1576884108106 11.176060267857142 769
1576884109937 13.16794655539773 770
1576884111350 11.43505542309253 771
1576884112794 14.612640777191558 772
1576884114253 10.977228338068182 773
1576884115874 12.775228921469154 774
1576884117411 13.529480773133116 775
1576884119679 17.142397397524345 776
1576884121229 12.846410181615257 777
1576884122775 12.001604352678575 778
1576884124852 14.17366325081169 779
1576884126474 14.420720880681817 780
1576884127997 11.964016208400976 781
1576884129513 13.187033913352275 782
1576884130961 11.88004134537338 783
1576884132530 13.668244597199681 784
1576884134408 14.092367593344155 785
1576884135752 11.762616046063311 786
1576884137123 10.172404499797079 787
1576884138370 10.030834643871753 788
1576884139818 13.715297154017858 789
1576884141363 13.133655894886367 790
1576884142944 10.999676592938313 791
1576884144421 10.988325639204549 792
1576884145877 10.739952186485391 793
1576884147374 11.053878982345777 794
1576884149036 14.496293501420455 795
1576884150621 15.671307452313313 796
1576884152255 15.105091441761365 797
1576884154127 14.4741306057224 798
1576884155735 15.785007229099026 799
1576884157256 14.228246119115258 800
1576884158850 14.601654449066558 801
1576884160298 10.184167639001625 802
1576884161832 14.417788022524352 803
1576884163170 9.689719460227273 804
1576884164820 16.108445997362015 805
1576884166263 12.249422940340907 806
1576884168061 14.61577972808442 807
1576884169552 13.984676212459416 808
1576884171493 16.12845284598214 809
1576884173442 16.240361201298708 810
1576884174886 10.181092101258123 811
1576884176588 13.154407848011367 812
1576884178168 14.232906985592534 813
1576884179680 14.233097225040584 814
1576884181273 12.136182908887989 815
1576884182745 10.596162870332792 816
1576884184121 10.491547027191558 817
1576884185608 11.230088271103897 818
1576884187108 15.640900847199678 819
1576884188688 12.296396230722404 820
1576884190328 13.297087434050324 821
1576884191838 13.056640624999998 822
1576884193286 10.087177227069805 823
1576884194805 12.84316025771104 824
1576884196411 11.860383269074678 825
1576884197914 13.15049208603896 826
1576884199372 15.115744850852272 827
1576884200958 14.642571783685067 828
1576884202879 13.57761135349026 829
1576884204356 11.939158253855524 830
1576884206378 17.374822443181827 831
1576884207922 14.496626420454543 832
1576884209424 13.398231407264612 833
1576884211264 15.390228667816556 834
1576884212763 14.401189630681817 835
1576884214631 15.557797914975648 836
1576884215989 10.396141943993507 837
1576884217512 12.215687144886363 838
1576884218853 9.980373630275976 839
1576884220762 10.80620307426948 840
1576884222299 14.210522143871756 841
1576884223864 14.560467608563314 842
1576884225417 15.107707234172079 843
1576884227069 12.784154322240262 844
1576884228521 11.848921342329541 845
1576884229893 12.036164519074676 846
1576884231403 12.231587992086041 847
1576884232867 11.645095627029223 848
1576884234730 16.571821732954543 849
1576884236259 13.579386921672079 850
1576884238265 13.879917689732144 851
1576884239803 11.502748960024352 852
1576884241328 11.596267502029221 853
1576884242857 13.441257229099024 854
1576884244301 14.517742999188314 855
1576884245776 12.19585468242695 856
1576884247400 14.28825081168831 857
1576884248993 14.386636312905848 858
1576884250851 16.42081917106331 859
1576884252352 14.286221590909085 860
1576884254387 12.477393212256493 861
1576884256219 15.752650669642856 862
1576884257723 12.241797509131496 863
1576884259289 12.791843166599024 864
1576884260784 10.239955357142858 865
1576884262300 13.681925984172075 866
1576884263736 12.404404677353899 867
1576884265164 11.834764356737015 868
1576884266659 11.03723303064123 869
1576884268213 13.757688844358768 870
1576884270123 15.351166167816556 871
1576884271511 11.699361429586038 872
1576884273519 15.28619939630682 873
1576884275510 16.788710557021105 874
1576884276957 11.939935064935064 875
1576884278585 15.43139965503247 876
1576884280150 8.449754591112013 877
1576884281732 14.107983081371751 878
1576884283392 13.809862012987011 879
1576884284944 15.466292740462666 880
1576884286939 16.01266043526785 881
1576884288481 12.572956828327925 882
1576884290203 15.925736860795455 883
1576884291852 13.419237012987013 884
1576884293309 11.371689833603895 885
1576884294944 13.6879977932224 886
1576884296814 15.837243810876624 887
1576884298427 14.606014103084421 888
1576884300468 15.727776861810067 889
1576884302152 13.390827922077925 890
1576884303639 12.995082310267856 891
1576884305281 14.679858715503245 892
1576884306991 14.23400086241883 893
1576884308749 14.341153231534092 894
1576884310240 11.13851968344156 895
1576884311954 9.891959846793835 896
1576884313640 12.65929383116883 897
1576884315301 11.02098341112013 898
1576884316992 14.337697214894481 899
1576884318972 16.25940099939123 900
1576884320852 16.963572316355517 901
1576884322476 13.487929307021107 902
1576884324336 13.288162033279223 903
1576884326375 15.68035967938311 904
1576884327947 11.068194500811689 905
1576884329817 15.845978972199678 906
1576884331390 12.007406655844157 907
1576884333084 13.010285612824676 908
1576884335004 17.383034446022727 909
1576884336663 15.487076400162337 910
1576884338623 17.35346806513798 911
1576884340161 15.215176669034088 912
1576884341715 14.781478287337661 913
1576884343568 14.235269125405845 914
1576884345496 12.58708210734578 915
1576884346975 12.379261363636362 916
1576884348655 14.022977754667208 917
1576884350601 16.618921849634738 918
1576884352599 16.767403738839285 919
1576884354191 14.018221768465908 920
1576884356233 16.928171925730524 921
1576884357676 12.07958667309253 922
1576884359651 17.817145013189933 923
1576884361549 17.005646940949685 924
1576884363085 10.84534484070617 925
1576884364628 13.525675984172075 926
1576884366545 17.0441704291802 927
1576884368081 11.809383243709416 928
1576884369752 14.790800020292208 929
1576884371231 12.52435064935065 930
1576884372773 14.673453987418828 931
1576884374651 16.431916472199674 932
1576884376210 11.230183390827921 933
1576884377718 11.342678317775976 934
1576884379137 10.157946301745131 935
1576884381238 17.767175451501622 936
1576884382691 11.135142933238637 937
1576884384335 12.7501173143263 938
1576884386326 15.67772803368506 939
1576884387867 8.112856381899352 940
1576884389369 9.151960100446429 941
1576884390919 13.114505123782466 942
1576884392686 14.878801618303571 943
1576884394209 11.896084872159088 944
1576884395809 11.20071212966721 945
1576884397248 11.114026354504874 946
1576884398887 13.966698584618504 947
1576884400688 14.551177582183438 948
1576884402156 11.805641867897728 949
1576884403821 14.000767299107146 950
1576884405396 14.923190822849026 951
1576884406961 13.685334440949676 952
1576884408879 16.706844181209416 953
1576884410878 15.527137657264607 954
1576884412501 14.25565645292208 955
1576884414392 14.915834897524356 956
1576884416141 14.405105392654221 957
1576884417760 11.885479022930195 958
1576884419313 13.433552531452925 959
1576884420836 11.975113509537339 960
1576884422418 14.070062018060064 961
1576884424015 14.212266005478893 962
1576884426042 16.149807224025974 963
1576884427860 15.215366908482137 964
1576884429515 14.33982155539773 965
1576884431050 10.938054865056817 966
1576884432630 13.16707462459416 967
1576884434099 11.909369926948056 968
1576884435499 12.370050603693183 969
1576884436971 11.670777952516232 970
1576884438430 15.164715655438311 971
1576884440082 16.171383548092532 972
1576884441622 13.815616756290586 973
1576884443113 13.397930194805195 974
1576884444778 14.232716746144474 975
1576884446441 15.08625773640422 976
1576884448271 13.939367517248375 977
1576884449912 14.607979910714283 978
1576884451287 10.689713118912339 979
1576884452725 12.025384283685067 980
1576884454244 14.451936003449676 981
1576884455574 7.828828885957792 982
1576884457007 12.552648767248376 983
1576884458587 13.325211165787337 984
1576884460116 11.923923244724024 985
1576884461605 10.252907492897725 986
1576884463115 13.21641005478896 987
1576884464666 14.685708578530841 988
1576884466148 11.560423219358768 989
1576884467781 14.47054776278409 990
1576884469650 13.75691203327922 991
1576884471039 12.517914214691558 992
1576884472537 10.69534103591721 993
1576884474084 13.336942598417208 994
1576884475642 12.548384232954547 995
1576884477204 14.653288605925324 996
1576884479095 13.084526557426951 997
1576884480892 14.249854149756493 998
1576884482342 12.099926440746753 999
