1576882967435 0.018308847371874184 0
1576882968898 0.26337118695179623 1
1576882970340 0.5301101255801416 2
1576882971725 0.9594158612448593 3
1576882973077 1.4434611243861062 4
1576882974307 1.8590447196254023 5
1576882975553 2.883997740568938 6
1576882976995 2.353280755781358 7
1576882978270 2.8377525762275413 8
1576882979716 2.8197025137562908 9
1576882981048 2.680309690278152 10
1576882982452 2.168832926079631 11
1576882983813 1.983584463596344 12
1576882985004 2.3644025325775146 13
1576882986436 1.9663964835080234 14
1576882987861 1.8193023243258077 15
1576882989283 1.6801945982557354 16
1576882990995 1.7775812103198125 17
1576882992420 1.8904796957969665 18
1576882994044 1.8387622943049984 19
1576882995332 2.5173856348826966 20
1576882996601 2.6266469018799916 21
1576882997980 2.737129635670606 22
1576882999457 2.430893737929208 23
1576883000771 3.005812715601038 24
1576883002116 2.5953880080154965 25
1576883003665 2.1403411593702106 26
1576883005017 2.4612422873896938 27
1576883006975 1.8051001694467332 28
1576883008841 1.7627500339252193 29
1576883010131 2.08663193932895 30
1576883011679 2.2185624837875366 31
1576883013297 2.1446066749723336 32
1576883014604 2.3628372065722942 33
1576883016274 2.031413801406559 34
1576883017651 2.1624982357025146 35
1576883019172 2.1253958759885845 36
1576883020605 2.3123530372977257 37
1576883022035 2.468168952885796 38
1576883023569 2.3574206758947933 39
1576883024833 2.457452424934932 40
1576883026179 2.331209558993578 41
1576883027637 1.9696895028605605 42
1576883029039 2.4618640765547752 43
1576883030505 1.9798559612698026 44
1576883032042 2.3472756184637547 45
1576883033519 2.517513470216231 46
1576883034963 2.3202897384762764 47
1576883036185 2.4113348016032465 48
1576883037816 2.2467441029018826 49
1576883039306 2.333420010174022 50
1576883040762 1.9949468067714147 51
1576883042160 2.537402331829071 52
1576883043627 2.675212303797404 53
1576883045171 2.230200447354998 54
1576883046618 2.210475602570702 55
1576883048452 2.2262162059545516 56
1576883049875 2.188352022320032 57
1576883051413 2.2009391920907158 58
1576883053009 2.117490719526242 59
1576883054641 2.367169574285165 60
1576883056108 2.292647527925896 61
1576883057500 2.0221889980377687 62
1576883058888 2.188332686200738 63
1576883060662 1.946668653261094 64
1576883062046 2.331749860084418 65
1576883063364 2.6616357987926853 66
1576883065160 2.407605268061161 67
1576883066563 2.5423999540507793 68
1576883068319 2.6204018384218215 69
1576883069678 2.6894103921949863 70
1576883071246 2.7662868483199015 71
1576883072620 2.8327676749998525 72
1576883074013 2.0832482799887657 73
1576883075655 2.5116847174035177 74
1576883077184 2.4215822560446605 75
1576883078575 2.256595402052908 76
1576883080086 2.350808387452906 77
1576883081482 1.8821841532533818 78
1576883082881 1.63198743616381 79
1576883084312 1.8189653017941643 80
1576883086122 1.5688845589756966 81
1576883087638 2.5619953239665314 82
1576883089171 2.9311458710077645 83
1576883091036 2.164272156430454 84
1576883092600 2.5687138421667948 85
1576883094086 2.802695376031539 86
1576883095482 3.251606818168394 87
1576883096916 3.1833780966699123 88
1576883098397 2.3748860250819814 89
1576883099755 2.4524748941947676 90
1576883101015 1.7255976751998618 91
1576883102374 1.9608451584974924 92
1576883103827 1.8304877802729607 93
1576883105412 1.9400129781828985 94
1576883106771 2.242382570107778 95
1576883108255 2.1592083645589426 96
1576883109704 2.030921065446102 97
1576883111280 2.3225768638981714 98
1576883112609 2.7160961469014486 99
1576883114036 3.062962694601579 100
1576883115599 2.420543691350354 101
1576883117063 2.680486438852368 102
1576883118581 2.4482951859633126 103
1576883119964 2.6688441894948483 104
1576883121355 2.9195218661735796 105
1576883122804 2.484228666871786 106
1576883124170 2.7019734899202983 107
1576883126049 2.0115133106708525 108
1576883127621 1.7131935705741246 109
1576883128864 1.6517101989852057 110
1576883130209 1.6992050382223995 111
1576883131571 1.7876188130147996 112
1576883132927 1.871488437537224 113
1576883134736 2.112883052655629 114
1576883136153 3.113490660985311 115
1576883137603 3.039302240399753 116
1576883138907 3.221064460688624 117
1576883140448 2.995446374922088 118
1576883141784 2.2965854776316674 119
1576883143206 2.6688592843711376 120
1576883144681 2.2931615464827595 121
1576883146236 1.9097789474896023 122
1576883147785 1.5348746438284178 123
1576883149383 1.5690463978696514 124
1576883150869 1.5102880719830007 125
1576883152316 2.033199729341449 126
1576883153805 1.805282372416872 127
1576883155215 2.1697957840832798 128
1576883156650 2.6355026152826126 129
1576883157941 1.9098899229880302 130
1576883159342 2.735021561384201 131
1576883160811 2.6051819657578186 132
1576883162395 3.1353859172927008 133
1576883163924 2.896237373352051 134
1576883166021 2.3048780648796647 135
1576883167543 2.998407416873508 136
1576883168887 2.4470429315286526 137
1576883170286 2.8603387032785723 138
1576883171757 2.5529241020029243 139
1576883173328 2.681338114870919 140
1576883174732 2.5306334215051987 141
1576883176247 2.1782778766420154 142
1576883178213 1.930745516134345 143
1576883180182 1.859934118937473 144
1576883181452 1.9823433099121883 145
1576883182871 2.3245403841137886 146
1576883184402 2.1159759666238513 147
1576883185916 2.182555345927968 148
1576883187426 2.4383772843413882 149
1576883189012 2.6664641019370823 150
1576883190611 2.344185604860908 151
1576883192050 2.4351421865549954 152
1576883193503 2.8334408812224865 153
1576883194827 2.5104666272799174 154
1576883196327 2.423657575074364 155
1576883198404 1.8876062023142974 156
1576883199729 2.074504011663897 157
1576883201066 1.7969576043467368 158
1576883202515 1.9558541161172531 159
1576883204008 1.980254570075444 160
1576883205364 1.8533271226015957 161
1576883206965 2.18116988947517 162
1576883209182 1.878168539316566 163
1576883210427 2.487912422624128 164
1576883211947 2.602154084614345 165
1576883213569 2.6212483096767114 166
1576883215196 2.9188231312566333 167
1576883216763 3.278953510361749 168
1576883218304 2.6979682194559196 169
1576883219806 2.7471604790006365 170
1576883221155 3.0296710229689077 171
1576883222546 2.3768304297418306 172
1576883224660 1.505322691126197 173
1576883226147 1.725663527420589 174
1576883227696 1.8232242079342114 175
1576883229201 1.986885688986097 176
1576883230839 1.7891678247186873 177
1576883232348 2.055246082374028 178
1576883233731 3.0564135499298573 179
1576883235176 2.185985931844422 180
1576883236711 2.4623907488935135 181
1576883238161 2.9752232125311187 182
1576883239590 2.1882840134203434 183
1576883240964 2.386777330528606 184
1576883242316 2.631236805069831 185
1576883243779 2.183644160628319 186
1576883245201 2.6883349563136245 187
1576883246604 2.2576726850341347 188
1576883248130 2.148241173576664 189
1576883249579 2.161643120220729 190
1576883251239 2.53800697127978 191
1576883252771 2.1597994706696935 192
1576883254263 2.0042411891950502 193
1576883255823 2.7295193108352453 194
1576883257976 2.3675475613429 195
1576883259399 2.9528015572577715 196
1576883260934 2.862120621132128 197
1576883262584 3.0595479672019548 198
1576883263924 2.559762099096852 199
1576883265310 2.42670744843781 200
1576883267084 2.3900724172592165 201
1576883269003 2.0278935581445694 202
1576883270556 2.3573893341753216 203
1576883272009 2.2381284311413765 204
1576883273659 2.085013225223079 205
1576883275146 2.1454012314478557 206
1576883276696 2.431160027330572 207
1576883278069 2.114096961915493 208
1576883279480 1.8146119602024555 209
1576883281063 2.1793116798272005 210
1576883282399 1.8968236287434896 211
1576883283869 2.380191930953194 212
1576883285267 2.492842234671116 213
1576883287107 2.4811760672303134 214
1576883288512 2.423308194614947 215
1576883290701 2.068139385718566 216
1576883292354 3.067679842313131 217
1576883293806 2.8400980772510653 218
1576883295390 2.8989239782094955 219
1576883296792 2.7103875490926925 220
1576883298220 2.65031915361231 221
1576883299641 2.14136363421717 222
1576883301297 2.561798600686921 223
1576883302697 2.39917621497185 224
1576883304091 2.187168442841732 225
1576883305505 2.2714218786268523 226
1576883307033 1.8379524262512432 227
1576883308413 1.8095057480262988 228
1576883309746 2.3485041779856526 229
1576883311207 1.9587018647614647 230
1576883312534 2.015678644180298 231
1576883313959 1.9456995751176562 232
1576883315365 1.9347823057323694 233
1576883316786 2.030439908013624 234
1576883318382 2.5918416139241813 235
1576883319955 2.5073221921920776 236
1576883321429 2.4206484223113343 237
1576883322670 2.210506788889567 238
1576883324076 2.542178776334314 239
1576883325447 2.606437135487795 240
1576883326834 2.622698301449418 241
1576883328301 2.5562562153619877 242
1576883329555 2.7510238766670225 243
1576883331005 2.3342593496336654 244
1576883332391 2.4968029893934727 245
1576883333827 2.30040523760459 246
1576883335208 2.070370348113956 247
1576883336584 2.199462266638875 248
1576883337904 2.06670121992788 249
1576883339280 2.2000202536582947 250
1576883340727 2.0044092987522935 251
1576883342136 2.1532227965918453 252
1576883343579 2.139347345540018 253
1576883345075 2.1527900457382203 254
1576883346491 2.5350305517514546 255
1576883348024 2.537489926113802 256
1576883349432 2.2242261583314225 257
1576883350756 2.6786994775136312 258
1576883352197 2.6190192660977765 259
1576883353743 2.365599627154214 260
1576883355152 2.3556331126920638 261
1576883356615 2.18901174608618 262
1576883358100 2.142129202683767 263
1576883359412 2.609126598670565 264
1576883360962 2.410234718663352 265
1576883362389 2.225221737767711 266
1576883363839 2.494852433602015 267
1576883365370 2.631296685513328 268
1576883366760 2.3246348310600626 269
1576883368170 2.1441674325615168 270
1576883369723 2.848820996284485 271
1576883371094 2.822321994551297 272
1576883372669 2.4409574697146543 273
1576883374062 2.470964503288269 274
1576883375465 2.9212758733380224 275
1576883376881 2.8720874916762114 276
1576883378326 2.432162378515516 277
1576883379799 2.374843094497919 278
1576883381186 2.5304161588350933 279
1576883382580 2.2004745345691155 280
1576883384004 1.7864129042083567 281
1576883385287 2.3016157874039243 282
1576883386705 1.6705476008355618 283
1576883388276 1.992169057897159 284
1576883389591 2.1949769971626147 285
1576883391075 2.217460644967628 286
1576883392555 2.147252386266535 287
1576883393976 1.8431226878481752 288
1576883395463 2.1501685001633386 289
1576883396728 2.581560247710773 290
1576883397998 2.4997212409973146 291
1576883399476 2.149013596953768 292
1576883400819 3.0724669184003557 293
1576883402125 2.361844872606212 294
1576883403350 2.451196769873301 295
1576883404653 2.7610993341163352 296
1576883406024 2.455008833572782 297
1576883407499 1.9138663541525602 298
1576883409015 2.139311150592916 299
1576883410225 1.8063059427120067 300
1576883411571 2.4392630060513816 301
1576883412805 2.1040656014725014 302
1576883414140 1.7295589204877615 303
1576883415613 1.899195964448154 304
1576883416990 1.7745773250406438 305
1576883418300 2.0121839889164628 306
1576883419769 2.2315662913024426 307
1576883421042 2.4250548630952835 308
1576883422490 1.8614761684880112 309
1576883423720 2.409121960401535 310
1576883425153 2.284241663687157 311
1576883426476 2.67150071476187 312
1576883428376 2.610559492576413 313
1576883429645 2.9151786483567337 314
1576883431065 3.1944943836757114 315
1576883432450 2.264865707005224 316
1576883433984 2.421652340888977 317
1576883435546 2.5484218290873937 318
1576883436958 2.1961621526748902 319
1576883438432 2.3304158091545104 320
1576883439697 1.7287573238898968 321
1576883441182 1.7074220282956958 322
1576883442421 1.8741470354574699 323
1576883443840 1.9357772395014763 324
1576883445346 1.708100974559784 325
1576883446964 1.7168287990184932 326
1576883448369 2.2479245482069072 327
1576883449834 2.08350571809393 328
1576883451107 2.8531055407864705 329
1576883452534 2.6318036634474993 330
1576883453761 2.4503055501867226 331
1576883455051 2.649204091231028 332
1576883456541 2.2686851527541876 333
1576883457979 2.548874688559565 334
1576883459356 2.346126958247154 335
1576883460656 2.63077950919116 336
1576883462058 2.106240774354627 337
1576883463630 2.0491251283221774 338
1576883465166 2.054186878034047 339
1576883466617 1.805884838104248 340
1576883468035 2.196540741249919 341
1576883469429 2.177328743280903 342
1576883470928 2.575328258105687 343
1576883472350 2.4347601030021906 344
1576883473734 3.477841361363729 345
1576883475191 2.734834392555058 346
1576883476634 2.5434079477015663 347
1576883477966 2.952713466459705 348
1576883479496 3.062770366668701 349
1576883480880 2.8851796705275774 350
1576883482282 2.5062619639981176 351
1576883483598 2.5720109055782188 352
1576883484894 2.9183795937785395 353
1576883486241 2.178206579438571 354
1576883487632 1.6879955448887565 355
1576883489003 2.043553933020561 356
1576883490339 1.4569416383902232 357
1576883491661 1.372003442474774 358
1576883492909 1.4748161626713616 359
1576883494387 1.4504418861911152 360
1576883495737 1.5576855817011424 361
1576883497005 1.885352115545954 362
1576883498328 2.034210067370842 363
1576883499690 2.3545398052249635 364
1576883501097 2.410962518184416 365
1576883502568 2.46912631482789 366
1576883503957 2.4156261225541433 367
1576883505393 2.309806792121945 368
1576883506694 2.547463964532923 369
1576883508931 1.9082100423319 370
1576883510154 2.497081098733125 371
1576883511472 2.570105326586756 372
1576883512751 2.7610051163605283 373
1576883514246 2.202069792896509 374
1576883515646 2.052183462306857 375
1576883516980 2.1656242460012436 376
1576883518271 2.2351753999447 377
1576883519690 2.1087382878026655 378
1576883521071 2.339113370064766 379
1576883522422 2.2226456893341884 380
1576883523929 2.1602611506686493 381
1576883525284 2.1942550480365752 382
1576883526590 2.7005941436208527 383
1576883527944 2.314552270940372 384
1576883529257 2.3413910078150884 385
1576883530537 2.312896931171417 386
1576883531992 2.2308204770088196 387
1576883533367 2.3224254301909744 388
1576883534637 2.7455803730658124 389
1576883536267 2.093239655097326 390
1576883537640 2.2427483927458525 391
1576883539128 2.0380386897495817 392
1576883540610 2.3196269653060217 393
1576883541992 2.322937596228815 394
1576883543373 2.237088822759688 395
1576883544979 2.4696254382530847 396
1576883546343 2.2800384117290378 397
1576883547678 2.901391323123659 398
1576883549005 3.210268579996549 399
1576883550516 2.4779278425609363 400
1576883551761 2.9898025150652283 401
1576883553188 2.41855929359313 402
1576883554421 2.3658121515203407 403
1576883555776 2.0638920788107247 404
1576883557096 2.0512380990488777 405
1576883558460 1.836244202653567 406
1576883559826 1.8880760957454812 407
1576883561175 1.8539595412356513 408
1576883562492 1.6735549317351703 409
1576883563812 1.783308924237887 410
1576883565094 1.9287981720907348 411
1576883566395 2.0567072395767485 412
1576883567700 1.9630382893414333 413
1576883569291 1.9628965647684202 414
1576883570563 2.53214853150504 415
1576883571935 2.883622333407402 416
1576883573342 2.8744943300882975 417
1576883574906 2.644156876732321 418
1576883576173 2.7579956547967317 419
1576883577466 2.487327081816537 420
1576883578987 2.2546576664728275 421
1576883580287 1.9985109950814928 422
1576883581664 1.6787274054118566 423
1576883582925 1.804447981928076 424
1576883584181 1.6314765369450603 425
1576883585552 1.7347069283326466 426
1576883586875 1.75286097879763 427
1576883588328 1.6297325049677203 428
1576883589653 1.8728516757488252 429
1576883591021 1.9789059854322864 430
1576883592353 1.9556483690227782 431
1576883593629 2.0969528489642673 432
1576883594991 2.2015544546061547 433
1576883596431 1.8014227065347856 434
1576883597936 2.1085444951758667 435
1576883599240 2.290677689272782 436
1576883600591 2.4442930098237663 437
1576883601904 2.367395860177499 438
1576883603334 2.5443932158606395 439
1576883604827 2.5258261311438774 440
1576883606342 1.9761498990384014 441
1576883607600 2.1824129734720503 442
1576883608936 2.311664215449629 443
1576883610228 2.241398330245699 444
1576883611555 2.0459819943816573 445
1576883612787 2.0707489337239946 446
1576883614167 1.6764206535675947 447
1576883615548 1.9877882250424088 448
1576883616868 1.9721462969426755 449
1576883618163 2.2614076414278577 450
1576883619485 2.387292649064745 451
1576883620774 2.0750387055533275 452
1576883622060 2.2946032115391324 453
1576883623490 2.1404814267980643 454
1576883624831 2.0982628608572074 455
1576883626864 1.846586133663853 456
1576883628305 2.293639794923365 457
1576883629661 2.489440780878067 458
1576883631038 2.9298744201660156 459
1576883632358 2.2080626282198677 460
1576883633693 2.242003435718602 461
1576883635194 2.013877947841372 462
1576883636437 2.3248611795050755 463
1576883637750 2.165939041252794 464
1576883639433 2.0758687127859163 465
1576883640826 2.4438745863735676 466
1576883642453 2.079337908064618 467
1576883644014 2.193256391419305 468
1576883645320 2.280467419712632 469
1576883646859 1.9582499372107642 470
1576883648143 1.8053352758288383 471
1576883649390 1.888811158913153 472
1576883650777 2.1584609212546515 473
1576883652042 2.314703826551084 474
1576883653603 2.148013286931174 475
1576883655079 1.6335061015013386 476
1576883656483 1.9368429245619938 477
1576883657770 2.0655604090009416 478
1576883659277 1.8120142763311213 479
1576883660571 2.3261725068092347 480
1576883662118 2.209927525264876 481
1576883663431 2.3186962263924733 482
1576883664916 2.3642299715429544 483
1576883666411 2.337107612240699 484
1576883667967 2.0725523548967697 485
1576883669325 2.4649233273391067 486
1576883670772 2.7171652470865557 487
1576883672096 2.3869699218443463 488
1576883673515 2.2899726666510105 489
1576883675205 2.1227338306414776 490
1576883676441 2.7437255492916814 491
1576883677864 2.6326024353504183 492
1576883679203 2.4676925867795942 493
1576883680624 2.3262940981695728 494
1576883681901 2.591038227081299 495
1576883683258 2.6895881336310814 496
1576883684756 2.4430123296650974 497
1576883686003 2.3160106412002017 498
1576883687558 1.9161363290888922 499
1576883689115 1.8736400172898644 500
1576883690607 1.9405101016163826 501
1576883691961 2.2515978259699687 502
1576883693469 1.7646615103714995 503
1576883694976 2.0009571546688676 504
1576883696447 2.6282859643300376 505
1576883697703 2.897968339068549 506
1576883699254 2.6885178246918846 507
1576883700737 2.6503767149788993 508
1576883702198 2.362910418799429 509
1576883703594 2.507584748846112 510
1576883704947 2.9001633248158862 511
1576883706408 2.1909027713717837 512
1576883707895 2.200850506915766 513
1576883709379 2.1846785536834172 514
1576883710849 2.123048303705273 515
1576883712366 2.729443793637412 516
1576883713777 2.3268796234361586 517
1576883715456 2.4838974820940116 518
1576883716850 2.5740754697471857 519
1576883718322 2.368218806656924 520
1576883719847 2.2333287072904184 521
1576883721224 2.345347348848979 522
1576883722602 2.322146489764705 523
1576883724051 2.327359737888459 524
1576883725547 2.0812431917046057 525
1576883726973 2.0063089629014335 526
1576883728353 2.204515963792801 527
1576883729719 2.107349374601918 528
1576883731139 2.3575912271485184 529
1576883732504 3.025105517357588 530
1576883733933 2.850693639119466 531
1576883735303 2.5480150021612644 532
1576883736805 2.678457610309124 533
1576883738225 2.608299720671869 534
1576883739939 2.407250900017588 535
1576883741386 2.3092887220960674 536
1576883742837 2.3024227510799062 537
1576883744204 1.8289276147261262 538
1576883745660 2.458586629359953 539
1576883747024 2.14654460260945 540
1576883748421 2.303177204824263 541
1576883749958 2.420306486241958 542
1576883751389 2.1428651042056805 543
1576883752843 2.1314888410270214 544
1576883754363 2.1601086037499564 545
1576883755751 2.220884877623934 546
1576883757221 1.9498952405793326 547
1576883758715 2.445165151549924 548
1576883760168 1.8022529154139406 549
1576883761574 1.9653047900646925 550
1576883763134 1.9176551197256362 551
1576883764645 2.153752672321656 552
1576883766183 2.1845915536670124 553
1576883767823 2.4959807428153784 554
1576883769424 2.671557605266571 555
1576883770842 1.9292086792342804 556
1576883772351 2.4684908764702933 557
1576883774011 2.2897080998671684 558
1576883775635 2.7150789438149867 559
1576883777119 2.774516638368368 560
1576883778621 2.8545721769332886 561
1576883779869 3.109542271920613 562
1576883781519 2.623987772525885 563
1576883783080 2.74797868885492 564
1576883784901 3.0454303443431856 565
1576883786781 2.975462545345469 566
1576883788174 2.782425833866 567
1576883789593 2.377057704143226 568
1576883791198 2.8657520937197134 569
1576883792667 2.50686489090775 570
1576883793982 2.599735360060419 571
1576883795379 2.115837758779526 572
1576883796677 1.4447319476768887 573
1576883798298 1.7217380195050627 574
1576883799593 1.7606486589820296 575
1576883801097 1.6109471759375404 576
1576883802857 1.9219144437557611 577
1576883804085 1.5748800059844708 578
1576883805684 2.0166844725608826 579
1576883806995 2.112917625904083 580
1576883808782 1.6920687161386012 581
1576883810111 2.5745710155059554 582
1576883811487 2.5934236148993173 583
1576883812971 2.2867426745819324 584
1576883814341 2.4018702767789364 585
1576883815803 2.2686595140081462 586
1576883817184 2.198057065407435 587
1576883818579 2.2180028557777405 588
1576883820077 2.1610412229509914 589
1576883821466 2.3179115547287847 590
1576883822971 2.2617290871483937 591
1576883824506 2.7980904158423927 592
1576883825915 2.3226696997880936 593
1576883827317 2.0470846377570053 594
1576883828869 2.364318364152783 595
1576883830336 2.613164745271206 596
1576883831754 2.566992735040599 597
1576883833246 2.3790352046489716 598
1576883834812 2.429771872791084 599
1576883836248 2.665219571441412 600
1576883837866 2.657368231150839 601
1576883839340 2.8011086024343967 602
1576883840637 3.2684479475021364 603
1576883842813 2.2968063043817035 604
1576883844129 2.677555952221155 605
1576883845747 2.838700959556981 606
1576883847372 2.635810688520089 607
1576883848858 2.3294603088322807 608
1576883850422 2.398832528931754 609
1576883851949 2.2162834252860093 610
1576883853352 2.2960968667810615 611
1576883854714 1.958147807046771 612
1576883856257 2.2168555645381702 613
1576883857798 2.5986230554002705 614
1576883859226 2.3488491661846638 615
1576883860823 2.286414615417782 616
1576883862161 2.7305111796767623 617
1576883863541 2.52231801133002 618
1576883865031 2.731242647676757 619
1576883866729 2.3483290515447917 620
1576883868228 2.4538975932768414 621
1576883869837 2.5321944543293546 622
1576883871271 2.589412788550059 623
1576883872785 2.7764221478152917 624
1576883874107 2.2222093294064202 625
1576883875466 2.2553303639094033 626
1576883876822 2.458429366350174 627
1576883878757 2.456401732273218 628
1576883880123 2.428998997134547 629
1576883881629 2.745391766230265 630
1576883883028 2.6489397094530216 631
1576883885021 2.2456292892279834 632
1576883886561 2.4680324755609035 633
1576883887795 3.05649557378557 634
1576883889150 2.456822212665312 635
1576883890648 2.5666380375623703 636
1576883892106 2.364683826764425 637
1576883893652 1.7536771960164372 638
1576883895206 2.043474680360626 639
1576883896786 1.6949300958829767 640
1576883898353 1.9022889288471025 641
1576883899914 2.0653958686760494 642
1576883901415 2.2192172901971 643
1576883902770 2.2974696775277454 644
1576883904359 2.5064953642232077 645
1576883905771 2.283768075353959 646
1576883907250 2.9033448443268286 647
1576883908659 2.9070354867726564 648
1576883909966 3.779117557737562 649
1576883911476 3.0440498807213525 650
1576883912893 2.326479175398427 651
1576883914369 2.639779336990849 652
1576883915747 2.5995510101318358 653
1576883917252 2.3956454124520805 654
1576883918835 2.4707084349223547 655
1576883920385 2.525572316135679 656
1576883921980 2.1765053989113987 657
1576883923547 2.1871261773882686 658
1576883925138 2.7814436589970306 659
1576883926560 2.7071670063080324 660
1576883928131 2.8434301351799682 661
1576883929706 2.697263389825821 662
1576883931344 2.6013041767809124 663
1576883932730 2.4389987299218774 664
1576883934565 2.5575141690671446 665
1576883936048 2.836954016839304 666
1576883937446 2.95016872882843 667
1576883938789 3.062114665284753 668
1576883940300 2.933444990831263 669
1576883942119 2.4546600769205793 670
1576883943750 2.6473123745338336 671
1576883945332 2.8672040700912476 672
1576883946989 2.6676773398711875 673
1576883948609 2.2119749564873543 674
1576883950132 2.6398443339599504 675
1576883951641 3.0644725445244045 676
1576883953042 2.9459037287160754 677
1576883954646 3.017054225007693 678
1576883956269 2.5489105324487427 679
1576883957780 2.6893400875004856 680
1576883959365 2.43210707692539 681
1576883960876 2.4093774286183445 682
1576883962396 2.4859372563660145 683
1576883963908 2.1341921145265754 684
1576883965579 1.8419879554555967 685
1576883966929 2.5088650974734077 686
1576883968426 2.4150322702797977 687
1576883970057 2.7543509089284473 688
1576883971847 2.260566976739139 689
1576883973748 2.0683742149971254 690
1576883975714 2.6944797357847525 691
1576883977385 3.3830728579211877 692
1576883978862 3.2259196130668415 693
1576883980819 2.4448148605037243 694
1576883982395 2.8317577689886093 695
1576883983972 3.232444681440081 696
1576883985453 2.4468500316143036 697
1576883987023 2.2278187216112486 698
1576883988672 2.4681547935071744 699
1576883990587 1.575109084235861 700
1576883992419 2.5903172689240153 701
1576883994044 2.302844572910353 702
1576883995613 2.70087022555841 703
1576883997172 2.9927394630180464 704
1576883998630 3.244606625288725 705
1576884000511 2.9394006587210155 706
1576884009060 0.546523307698101 707
1576884010461 2.933587149779002 708
1576884012070 2.8827103120940074 709
1576884013482 2.6750157674153647 710
1576884015008 2.4887860977288447 711
1576884016529 2.1262150986327066 712
1576884017947 2.3725000713020563 713
1576884019891 1.810928456564533 714
1576884021323 2.2780085120882307 715
1576884022791 2.4954573331457195 716
1576884024308 2.524706191383302 717
1576884025820 3.187415290962566 718
1576884027288 3.0035111202913174 719
1576884028822 2.6334106837000166 720
1576884030232 2.938690446317196 721
1576884031673 3.0678311944007874 722
1576884033174 2.766535449359152 723
1576884034751 2.370764242636191 724
1576884036233 2.61959213921518 725
1576884037719 2.2231904320857105 726
1576884039289 2.5152857224730885 727
1576884041295 1.8891897399655797 728
1576884042828 2.58691568300128 729
1576884044186 2.827235121279955 730
1576884045764 2.573976953240002 731
1576884047175 3.043578793605169 732
1576884048559 2.8249821124538297 733
1576884050124 2.5432803945408926 734
1576884051751 2.8242080654416766 735
1576884053231 2.587676785645946 736
1576884054840 2.3868371973166593 737
1576884056443 2.733168722809972 738
1576884058108 2.4692996381184993 739
1576884059691 2.9163110578382336 740
1576884061339 2.940602910060149 741
1576884062724 2.6983205806463957 742
1576884064372 2.858210403185624 743
1576884066081 2.393569388240576 744
1576884068054 2.699817493904469 745
1576884069501 3.109958375653913 746
1576884071148 2.218520049201815 747
1576884072604 2.5352299863641914 748
1576884074021 2.474576922257741 749
1576884075539 2.2924068371454873 750
1576884077267 2.043767607364899 751
1576884078695 2.1479859415328866 752
1576884080932 1.5903757641974248 753
1576884082514 2.5994265852747738 754
1576884083893 3.3860458294550577 755
1576884085611 3.020614193036006 756
1576884087564 2.3141049596998426 757
1576884089058 2.972294733804815 758
1576884090583 2.5984623629499124 759
1576884092224 2.7921484285279323 760
1576884093743 2.842679602759225 761
1576884095284 2.833919424149725 762
1576884096798 2.5902679078280926 763
1576884098884 2.093654327094555 764
1576884101043 2.083784678467998 765
1576884102881 2.190321447593825 766
1576884104828 2.3615820678797634 767
1576884106662 2.719506228253955 768
1576884108165 3.096637765566508 769
1576884109994 2.8568522810935972 770
1576884111407 3.034931017506507 771
1576884112854 2.9759563893982857 772
1576884114303 2.849127684578751 773
1576884115933 2.943753761403701 774
1576884117466 2.8915000026290483 775
1576884119738 1.6770881280816834 776
1576884121285 2.6642543445615208 777
1576884122825 2.674775572384105 778
1576884124912 2.167429359035289 779
1576884126533 2.5410242127744773 780
1576884128058 2.4821410143014155 781
1576884129573 2.5843289845130024 782
1576884131020 2.590485703200102 783
1576884132589 2.7276967962582908 784
1576884134468 2.5017676249146463 785
1576884135859 2.894108831882477 786
1576884137182 3.2685407439867658 787
1576884138427 3.060009166046425 788
1576884139874 2.842929011041468 789
1576884141421 2.78477087191173 790
1576884143005 2.492905850346024 791
1576884144480 2.6263803839683533 792
1576884145934 2.3952910155057907 793
1576884147431 2.430958878609442 794
1576884149091 2.0768188632823326 795
1576884150678 1.9053661911151347 796
1576884152314 2.0560685223654698 797
1576884154188 1.9967044273088144 798
1576884155792 2.326337184454944 799
1576884157314 2.7533573389053343 800
1576884158904 3.110239496102204 801
1576884160355 3.237503930926323 802
1576884161886 3.4654275990194745 803
1576884163226 3.8957454477037703 804
1576884164920 2.9908348863062106 805
1576884166325 3.170986983925104 806
1576884168118 2.393798457086086 807
1576884169609 2.4956725112029483 808
1576884171552 1.9388752513461642 809
1576884173503 1.970550570298325 810
1576884174948 2.783486269414425 811
1576884176646 2.9603390196959176 812
1576884178225 2.6725255932126726 813
1576884179741 2.76083916085107 814
1576884181334 2.9422372085707527 815
1576884182802 3.1486223061879475 816
1576884184181 2.8739252646764117 817
1576884185664 2.5915441359243085 818
1576884187168 2.391103627852031 819
1576884188747 2.7227226189204625 820
1576884190390 2.3484050294286325 821
1576884191901 2.617969092094537 822
1576884193340 2.657223669687907 823
1576884194864 3.0276374275034126 824
1576884196473 2.5967551301687193 825
1576884197972 2.6204421262483337 826
1576884199432 2.0307965063386493 827
1576884201014 2.481147050857544 828
1576884202932 2.173087559285618 829
1576884204416 2.5303419879504614 830
1576884206441 2.0929243826136297 831
1576884207980 2.8408884530266127 832
1576884209479 3.1725608452278027 833
1576884211323 3.1484770342707633 834
1576884212823 3.133286933104197 835
1576884214694 2.9386652637273074 836
1576884216049 3.338265860080719 837
1576884217567 3.0566228772654678 838
1576884218913 3.1968629876772563 839
1576884220817 2.4068363436630795 840
1576884222359 2.4132820909673516 841
1576884223926 2.1767119824886323 842
1576884225477 2.176872594867434 843
1576884227122 2.407014747199259 844
1576884228583 2.3679423675392615 845
1576884229952 2.5006588757038117 846
1576884231456 2.4645642321556807 847
1576884232930 2.5450044414576363 848
1576884234789 2.5376456634300513 849
1576884236317 3.3379533724351362 850
1576884238318 2.8818875538541917 851
1576884239860 3.159763870817242 852
1576884241384 3.079498630017042 853
1576884242915 2.9034522346087863 854
1576884244358 2.4777528065092422 855
1576884245839 3.114742425355044 856
1576884247460 2.532423266342708 857
1576884249057 2.600921791460779 858
1576884250907 2.1866855706487383 859
1576884252412 2.4802405112668087 860
1576884254446 2.6467586742206053 861
1576884256283 2.7782698498993383 862
1576884257833 3.272142757068981 863
1576884259346 2.812683742386954 864
1576884260844 3.058591002767736 865
1576884262357 2.686151259286063 866
1576884263793 2.090434542208007 867
1576884265225 2.5579158259976293 868
1576884266717 2.562935513980461 869
1576884268275 2.3700325585463466 870
1576884270183 1.997495818276738 871
1576884271575 2.589289410909017 872
1576884273575 2.420607356230418 873
1576884275572 2.4895771118727597 874
1576884277017 3.4405872148852192 875
1576884278649 2.8119107402033277 876
1576884280210 3.162447561235989 877
1576884281795 2.7329418931688583 878
1576884283449 2.7367978990077972 879
1576884285004 2.649688767062293 880
1576884287001 2.216180692778693 881
1576884288542 2.9721849816186086 882
1576884290261 2.6221397473261905 883
1576884291906 2.233577546400902 884
1576884293364 2.908353970448176 885
1576884295006 2.6577601362215844 886
1576884296878 2.6186731166955903 887
1576884298488 3.0816502716090226 888
1576884300530 2.373833930119872 889
1576884302208 3.149741142203933 890
1576884303696 3.136751969655355 891
1576884305340 3.07872660114215 892
1576884307054 3.184160983876178 893
1576884308807 2.6151934020221232 894
1576884310305 2.9338791593909264 895
1576884312014 2.864496960359461 896
1576884313701 2.7515580219191476 897
1576884315357 2.7231649855772653 898
1576884317055 2.2299406360357237 899
1576884319035 1.9235228525429238 900
1576884320910 1.6904466422491295 901
1576884322526 2.107720253435341 902
1576884324400 2.1314007341861725 903
1576884326439 2.301630075682293 904
1576884328010 3.1202787458896637 905
1576884329876 2.829812982252666 906
1576884331449 3.0056289500660367 907
1576884333145 2.4472376062319827 908
1576884335068 2.4782284261150793 909
1576884336727 3.2534402188582296 910
1576884338687 2.5952518430161984 911
1576884340223 3.3285965715584003 912
1576884341776 3.117878821250555 913
1576884343630 3.291594369709492 914
1576884345556 3.47559580570314 915
1576884347040 3.2827628079582665 916
1576884348712 2.9144241025573328 917
1576884350660 2.5683462647504585 918
1576884352657 2.120939836553905 919
1576884354253 2.5696787503030567 920
1576884356292 2.1207840436448655 921
1576884357735 2.597303967322073 922
1576884359709 2.6857586373453555 923
1576884361608 2.8162287771701813 924
1576884363146 3.8002982343946186 925
1576884364692 3.204658912287818 926
1576884366606 2.7211955388387046 927
1576884368141 3.0303291515870527 928
1576884369812 2.8833543611200234 929
1576884371294 2.958995054165522 930
1576884372833 2.68352163804544 931
1576884374714 2.268252494660291 932
1576884376271 2.6366775582234063 933
1576884377778 2.6438962676945854 934
1576884379202 2.4841276903947196 935
1576884381300 1.6798699498176575 936
1576884382753 2.6974385091752717 937
1576884384393 2.4423573298113688 938
1576884386388 2.1423864894443088 939
1576884387930 2.8428285067731682 940
1576884389431 3.050736475735903 941
1576884390982 2.2891093247077046 942
1576884392746 2.2120774955284306 943
1576884394274 2.330371442963095 944
1576884395872 2.5980154077212014 945
1576884397309 2.6152727206548056 946
1576884398953 2.381171342488882 947
1576884400752 2.2681491687893867 948
1576884402216 2.8064591415000684 949
1576884403885 2.4041409568908887 950
1576884405460 2.5272927252021997 951
1576884407020 2.6217283653585532 952
1576884408945 2.4365564997900617 953
1576884410941 2.65671942933746 954
1576884412567 2.9404904658977804 955
1576884414458 3.2340201646089555 956
1576884416202 2.794456835091114 957
1576884417823 3.257176663424518 958
1576884419378 2.9129618869887457 959
1576884420899 3.4492515045053818 960
1576884422480 3.0682046542296537 961
1576884424071 3.0355549954079293 962
1576884426101 2.6841096105900677 963
1576884427923 2.4574886217713354 964
1576884429580 2.29497740818904 965
1576884431114 2.720746338367462 966
1576884432694 2.4581514281385086 967
1576884434167 2.4666175674647093 968
1576884435561 2.409536676481366 969
1576884437037 2.36035443469882 970
1576884438542 2.2212974531309944 971
1576884440149 2.3356877747509213 972
1576884441686 2.3623738723832206 973
1576884443181 2.6765542775392532 974
1576884444842 2.879298760340764 975
1576884446506 3.305620647765495 976
1576884448330 3.0253647208213805 977
1576884449972 3.3146960249072626 978
1576884451346 3.317727550383537 979
1576884452791 3.6053794583966656 980
1576884454300 3.069666826725006 981
1576884455640 3.554490259715489 982
1576884457114 2.8576889793078104 983
1576884458649 2.5615888658691857 984
1576884460177 2.4874521158635616 985
1576884461669 2.786722856183206 986
1576884463179 2.22080936757001 987
1576884464730 2.103481424706323 988
1576884466209 2.266620296420473 989
1576884467845 2.01544624608424 990
1576884469716 2.031076174683687 991
1576884471105 2.310912195713289 992
1576884472599 2.9595193439914333 993
1576884474145 2.625802642958505 994
1576884475708 2.86630803015497 995
1576884477270 2.9852783469592823 996
1576884479155 2.72938071082278 997
1576884480959 2.712958793814589 998
1576884482409 3.086958001641666 999
