1576882967035 131.0244903564453 30
1576882968548 180.0237274169922 61
1576882969987 130.38882446289062 93
1576882971381 70.23274230957031 123
1576882972756 44.58098602294922 152
1576882973988 49.5589599609375 180
1576882975235 -84.18968200683594 208
1576882976644 27.188186645507812 240
1576882977960 -32.01031494140625 268
1576882979367 -101.05345153808594 300
1576882980715 -45.60123062133789 330
1576882982099 72.8355941772461 363
1576882983442 34.21677017211914 396
1576882984680 -48.42876434326172 424
1576882986076 16.17845344543457 458
1576882987504 83.13802337646484 490
1576882988930 98.36381530761719 524
1576882990570 56.90648651123047 564
1576882992074 72.61045837402344 595
1576882993645 106.4359130859375 634
1576882994999 -43.4022216796875 664
1576882996273 -26.164161682128906 693
1576882997611 -49.26994705200195 728
1576882999078 63.11091613769531 764
1576883000443 -76.15475463867188 792
1576883001783 -65.52873992919922 821
1576883003283 75.45718383789062 858
1576883004670 -68.45264434814453 890
1576883006290 73.84947204589844 930
1576883006842 -3.1786983013153076 936
1576883008254 155.15333557128906 976
1576883008730 -2.825293779373169 978
1576883009806 10.360106468200684 1008
1576883011296 -8.818033218383789 1046
1576883012904 20.32722282409668 1085
1576883014254 -36.50696563720703 1118
1576883015843 52.03868103027344 1157
1576883017290 -0.24906645715236664 1189
1576883018810 -2.8587558269500732 1223
1576883020254 87.49070739746094 1256
1576883021672 -34.12897872924805 1291
1576883023203 -16.77344512939453 1326
1576883024488 -56.65277862548828 1355
1576883025830 24.338356018066406 1388
1576883027268 41.345943450927734 1422
1576883028686 -31.299428939819336 1455
1576883030129 29.603307723999023 1492
1576883031675 61.067623138427734 1525
1576883033158 -21.55630874633789 1559
1576883034616 22.853397369384766 1592
1576883035866 -55.38703918457031 1620
1576883037436 48.31668472290039 1657
1576883038916 -10.998250007629395 1692
1576883040381 62.780517578125 1728
1576883041819 -17.877084732055664 1759
1576883043267 -41.959190368652344 1793
1576883044792 8.863462448120117 1829
1576883046251 -3.9095616340637207 1864
1576883047907 103.81092071533203 1904
1576883048355 -0.6414788961410522 1905
1576883049522 2.905850887298584 1938
1576883051018 -9.911277770996094 1974
1576883052587 -33.85849380493164 2014
1576883054228 -1.3017252683639526 2054
1576883055752 1.1683003902435303 2088
1576883057158 50.413658142089844 2120
1576883058531 17.06601333618164 2153
1576883060049 58.49089050292969 2193
1576883060543 -2.6481757164001465 2196
1576883061690 4.274116516113281 2230
1576883063020 -20.552824020385742 2262
1576883064610 -5.741885662078857 2302
1576883065061 -0.9702868461608887 2303
1576883066208 -41.993473052978516 2336
1576883067777 45.21140670776367 2376
1576883068219 -1.2815607786178589 2377
1576883069319 -13.773405075073242 2410
1576883070862 32.647918701171875 2447
1576883072264 -31.53792953491211 2479
1576883073639 -6.25104284286499 2512
1576883075274 -27.700817108154297 2549
1576883076806 33.817626953125 2585
1576883078186 -11.557992935180664 2619
1576883079720 -37.37376403808594 2653
1576883081120 -1.365054965019226 2687
1576883082531 47.180450439453125 2719
1576883083935 22.619211196899414 2754
1576883085598 149.5786895751953 2794
1576883086024 -1.2757664918899536 2795
1576883087257 -31.405038833618164 2830
1576883088795 -106.89717864990234 2868
1576883090467 128.11691284179688 2908
1576883090919 -0.6985899806022644 2910
1576883092210 8.058399200439453 2947
1576883093714 -32.92967987060547 2982
1576883095130 -102.04467010498047 3014
1576883096555 -86.14177703857422 3047
1576883098033 -15.164671897888184 3081
1576883099405 13.998398780822754 3111
1576883100703 50.41929626464844 3139
1576883102012 32.423343658447266 3170
1576883103474 64.80625915527344 3203
1576883105031 58.504825592041016 3240
1576883106424 49.31984329223633 3271
1576883107878 -17.292449951171875 3305
1576883109334 -5.613393306732178 3339
1576883110877 30.37779998779297 3376
1576883112273 -13.462743759155273 3407
1576883113652 -84.60969543457031 3441
1576883115213 74.60564422607422 3478
1576883116699 4.725743293762207 3512
1576883118191 -19.553415298461914 3549
1576883119610 -49.0481071472168 3582
1576883121022 -24.790660858154297 3612
1576883122443 -51.074806213378906 3645
1576883123814 -50.83478927612305 3676
1576883125498 42.14910888671875 3716
1576883125945 -0.9391463994979858 3717
1576883127246 82.50041198730469 3754
1576883128531 62.58417892456055 3782
1576883129841 33.484535217285156 3816
1576883131200 62.7552490234375 3848
1576883132558 46.87827682495117 3880
1576883134131 110.33257293701172 3920
1576883134616 -3.6373891830444336 3923
1576883135794 -68.56008911132812 3957
1576883137214 -87.34441375732422 3992
1576883138574 -88.02950286865234 4022
1576883140066 -54.03361511230469 4056
1576883141442 -12.357078552246094 4086
1576883142832 -6.564029216766357 4119
1576883144301 -5.996486186981201 4154
1576883145862 53.96609115600586 4190
1576883147390 47.20390701293945 4228
1576883148976 126.50080108642578 4266
1576883150486 102.4803695678711 4301
1576883151938 49.57704544067383 4335
1576883153423 12.672249794006348 4369
1576883154847 2.906550168991089 4403
1576883156292 -48.909950256347656 4435
1576883157584 75.69711303710938 4467
1576883158975 -7.6721978187561035 4500
1576883160438 -3.2733314037323 4535
1576883162013 -51.630008697509766 4572
1576883163546 -16.011842727661133 4609
1576883165115 28.797956466674805 4649
1576883165792 0.2239225059747696 4664
1576883167153 -42.07762908935547 4701
1576883168517 2.3934013843536377 4736
1576883169945 -18.985490798950195 4768
1576883171380 36.02017593383789 4802
1576883172932 -11.071187973022461 4839
1576883174339 -26.0625 4874
1576883175843 -34.127532958984375 4911
1576883177464 52.69460678100586 4951
1576883178059 -3.221459150314331 4958
1576883179375 58.85063552856445 4998
1576883180014 6.079183578491211 5008
1576883181115 -5.777187347412109 5038
1576883182509 -1.1723233461380005 5071
1576883184013 37.59234619140625 5107
1576883185547 11.276246070861816 5142
1576883187048 -33.37775802612305 5179
1576883188627 -18.585813522338867 5216
1576883190215 95.00923919677734 5255
1576883191690 -9.944740295410156 5289
1576883193142 -71.21639251708984 5322
1576883194481 -32.991539001464844 5353
1576883195960 -11.144957542419434 5388
1576883197615 8.95392894744873 5428
1576883198228 -1.2586318254470825 5437
1576883199388 13.376313209533691 5467
1576883200717 15.771742820739746 5499
1576883202141 109.06998443603516 5534
1576883203633 46.367919921875 5570
1576883204988 6.977118968963623 5604
1576883206563 -29.06390953063965 5643
1576883208292 49.08788299560547 5683
1576883208967 4.661717891693115 5698
1576883210087 -39.72047424316406 5728
1576883211564 16.48854637145996 5764
1576883213154 8.240180015563965 5802
1576883214806 10.761629104614258 5839
1576883216377 -74.19825744628906 5877
1576883217898 -18.186643600463867 5916
1576883219431 -1.0192601680755615 5952
1576883220797 -53.89793395996094 5984
1576883222183 -35.21206283569336 6018
1576883223802 91.63995361328125 6058
1576883224460 4.770086765289307 6070
1576883225758 41.268558502197266 6106
1576883227317 45.5893669128418 6141
1576883228815 40.76022720336914 6177
1576883230440 107.9366683959961 6214
1576883231968 51.12143325805664 6250
1576883233374 -78.47312927246094 6283
1576883234793 23.693933486938477 6317
1576883236345 2.49649977684021 6352
1576883237782 -62.95062255859375 6386
1576883239224 -29.661178588867188 6419
1576883240593 -1.3806756734848022 6453
1576883241970 -2.7605233192443848 6485
1576883243380 55.00406265258789 6520
1576883244823 -16.247743606567383 6554
1576883246236 -19.729137420654297 6589
1576883247744 13.973986625671387 6627
1576883249199 9.085037231445312 6663
1576883250862 21.581661224365234 6700
1576883252383 49.02549743652344 6737
1576883253876 58.991966247558594 6774
1576883255433 -6.868267059326172 6812
1576883257096 -26.85183334350586 6852
1576883257760 -4.455642223358154 6865
1576883259054 -30.02855682373047 6898
1576883260555 -2.3315069675445557 6932
1576883262192 -69.59373474121094 6970
1576883263572 -31.237838745117188 7002
1576883264948 14.97342300415039 7035
1576883266534 87.6733627319336 7075
1576883266979 -0.34398341178894043 7076
1576883268310 -7.651291370391846 7116
1576883268860 -0.15283894538879395 7121
1576883270152 -51.97384262084961 7158
1576883271637 21.699504852294922 7191
1576883273258 26.974760055541992 7225
1576883274789 42.15163803100586 7256
1576883276318 -37.61133575439453 7290
1576883277710 20.48516273498535 7323
1576883279098 22.09986114501953 7356
1576883280666 66.20128631591797 7394
1576883282044 59.01530456542969 7425
1576883283490 -16.88286590576172 7460
1576883284895 -18.35715103149414 7493
1576883286466 -9.763635635375977 7533
1576883286972 -3.5915606021881104 7537
1576883288143 23.080753326416016 7570
1576883289782 -3.6283445358276367 7610
1576883290482 7.927200794219971 7623
1576883291964 -0.5595936179161072 7660
1576883293433 -22.073610305786133 7692
1576883295016 19.49180030822754 7729
1576883296415 -25.75908660888672 7761
1576883297861 -10.966272354125977 7795
1576883299272 -2.0861904621124268 7827
1576883300855 -2.1264102458953857 7864
1576883302336 11.753220558166504 7896
1576883303705 -6.534822940826416 7930
1576883305121 -8.794288635253906 7964
1576883306652 6.411216735839844 7999
1576883308050 8.038215637207031 8033
1576883309408 -3.988913059234619 8065
1576883310819 32.61674499511719 8100
1576883312189 -10.164644241333008 8131
1576883313564 56.555259704589844 8167
1576883315014 11.207691192626953 8200
1576883316398 -10.363540649414062 8235
1576883317971 -21.582632064819336 8273
1576883319563 9.385780334472656 8309
1576883321046 17.20733070373535 8344
1576883322329 13.155719757080078 8375
1576883323685 -28.274642944335938 8410
1576883325082 -10.972980499267578 8443
1576883326477 3.2066900730133057 8476
1576883327914 23.657665252685547 8511
1576883329216 -39.38897705078125 8542
1576883330636 30.46770668029785 8577
1576883332036 13.194282531738281 8610
1576883333447 -50.979515075683594 8645
1576883334820 -7.23469352722168 8679
1576883336226 47.450416564941406 8712
1576883337548 -21.140270233154297 8744
1576883338914 12.722557067871094 8777
1576883340347 49.7905158996582 8811
1576883341774 19.467409133911133 8845
1576883343211 8.640251159667969 8879
1576883344672 -3.416628360748291 8915
1576883346126 18.950363159179688 8946
1576883347614 -23.6871395111084 8981
1576883349053 40.26459503173828 9016
1576883350376 -35.31188201904297 9047
1576883351831 2.527438163757324 9079
1576883353335 -15.820646286010742 9115
1576883354812 12.772783279418945 9147
1576883356265 25.56583595275879 9180
1576883357709 18.951305389404297 9214
1576883359074 -8.215081214904785 9244
1576883360566 -22.485013961791992 9280
1576883362027 7.92795991897583 9314
1576883363469 -2.9988818168640137 9345
1576883364982 15.082149505615234 9380
1576883366394 5.823284149169922 9414
1576883367794 39.43038558959961 9447
1576883369325 -13.209735870361328 9483
1576883370750 -6.839212894439697 9513
1576883372264 18.889724731445312 9551
1576883373687 27.212017059326172 9587
1576883375093 -16.77365493774414 9619
1576883376512 -45.53080368041992 9652
1576883377931 -53.66921615600586 9688
1576883379417 -17.56168556213379 9721
1576883380834 -2.8561196327209473 9752
1576883382224 17.966054916381836 9782
1576883383643 43.657527923583984 9816
1576883384960 -10.041874885559082 9845
1576883386337 42.04228591918945 9878
1576883387893 36.9674072265625 9914
1576883389233 2.969024658203125 9943
1576883390696 -2.062593698501587 9977
1576883392175 12.04238510131836 10011
1576883393598 53.650909423828125 10046
1576883395100 15.161791801452637 10080
1576883396394 -30.863800048828125 10109
1576883397650 -41.12385940551758 10140
1576883399101 30.87313461303711 10174
1576883400473 -57.26752853393555 10203
1576883401777 1.6533290147781372 10233
1576883403032 -31.32480812072754 10261
1576883404325 -44.01592254638672 10289
1576883405669 -22.30816650390625 10319
1576883407129 43.666316986083984 10352
1576883408610 7.46046257019043 10387
1576883409902 24.260629653930664 10415
1576883411219 -0.8797198534011841 10446
1576883412467 6.759089946746826 10474
1576883413762 47.47578811645508 10507
1576883415232 30.96807289123535 10540
1576883416623 15.885275840759277 10574
1576883417941 0.9693726897239685 10604
1576883419396 -3.350958824157715 10637
1576883420697 -15.259713172912598 10666
1576883422126 27.258197784423828 10700
1576883423382 -11.918559074401855 10729
1576883424768 -0.8293899297714233 10763
1576883426139 -7.495265960693359 10792
1576883427779 52.57830810546875 10832
1576883428257 1.5017600059509277 10834
1576883429307 -52.94391632080078 10864
1576883430687 -70.66324615478516 10900
1576883432073 21.206920623779297 10932
1576883433603 9.389618873596191 10968
1576883435157 -19.970956802368164 11004
1576883436583 -2.3376824855804443 11036
1576883438090 3.050808906555176 11067
1576883439353 19.17820930480957 11097
1576883440800 63.83049392700195 11130
1576883442095 5.691577911376953 11158
1576883443478 31.589719772338867 11191
1576883444964 51.266998291015625 11226
1576883446536 95.56825256347656 11266
1576883447988 -24.803592681884766 11300
1576883449461 9.222530364990234 11334
1576883450761 -20.148204803466797 11363
1576883452166 -30.15216636657715 11396
1576883453426 -5.771557807922363 11424
1576883454705 -34.318824768066406 11455
1576883456157 16.149612426757812 11488
1576883457618 2.264261484146118 11518
1576883459010 -12.791385650634766 11550
1576883460316 -25.672266006469727 11578
1576883461699 2.366501569747925 11610
1576883463235 42.72858810424805 11647
1576883464769 26.82861328125 11683
1576883466215 40.17321014404297 11717
1576883467666 37.42658996582031 11750
1576883469069 27.554882049560547 11782
1576883470552 47.21347427368164 11818
1576883471982 22.803781509399414 11851
1576883473377 -52.473365783691406 11882
1576883474814 -0.12006604671478271 11915
1576883476260 -3.5458760261535645 11950
1576883477613 -41.17994689941406 11982
1576883479100 -54.166255950927734 12017
1576883480505 -33.559539794921875 12050
1576883481905 -0.11352507770061493 12082
1576883483257 6.68687105178833 12112
1576883484546 -52.281341552734375 12140
1576883485905 -8.713296890258789 12170
1576883487262 25.026899337768555 12204
1576883488643 40.014198303222656 12236
1576883490002 50.987548828125 12267
1576883491320 68.96631622314453 12296
1576883492576 61.24075698852539 12325
1576883494002 108.65946960449219 12359
1576883495391 20.46466827392578 12388
1576883496661 4.9115214347839355 12417
1576883497987 -2.674074172973633 12447
1576883499357 -12.40352725982666 12476
1576883500751 -9.479905128479004 12508
1576883502211 -22.586345672607422 12542
1576883503596 0.720201849937439 12573
1576883505021 26.127105712890625 12607
1576883506349 -32.13613510131836 12635
1576883507958 -5.28791618347168 12675
1576883508693 -0.0022486462257802486 12692
1576883509815 -3.76521372795105 12720
1576883511113 -3.068615674972534 12750
1576883512409 -49.39478302001953 12779
1576883513871 14.109271049499512 12812
1576883515285 56.89418411254883 12845
1576883516644 6.2091064453125 12874
1576883517915 -23.030168533325195 12904
1576883519333 -3.1346914768218994 12936
1576883520725 13.850397109985352 12968
1576883522068 0.9248120784759521 12997
1576883523552 12.663472175598145 13032
1576883524924 13.692680358886719 13063
1576883526239 -23.381149291992188 13093
1576883527610 36.72393035888672 13122
1576883528915 -8.983612060546875 13151
1576883530200 -17.871746063232422 13182
1576883531605 8.166363716125488 13217
1576883533013 4.929833889007568 13247
1576883534282 -32.81390380859375 13276
1576883535872 31.072538375854492 13313
1576883537264 26.22712516784668 13346
1576883538743 19.623001098632812 13382
1576883540231 26.04006576538086 13416
1576883541646 16.390195846557617 13448
1576883542984 -9.057297706604004 13481
1576883544529 20.129972457885742 13518
1576883545967 12.247751235961914 13551
1576883547333 -30.19022560119629 13580
1576883548674 -46.8262939453125 13607
1576883550118 -26.76056671142578 13642
1576883551410 -26.99399757385254 13670
1576883552820 -19.959400177001953 13702
1576883554088 -25.87091636657715 13730
1576883555427 9.464529991149902 13760
1576883556750 3.3093836307525635 13790
1576883558111 66.04676055908203 13821
1576883559471 3.765507698059082 13851
1576883560822 28.900854110717773 13880
1576883562139 28.028427124023438 13910
1576883563447 17.031572341918945 13941
1576883564760 6.7513203620910645 13970
1576883566062 3.983119010925293 13999
1576883567335 29.210002899169922 14029
1576883568893 73.14083099365234 14066
1576883570210 -12.029272079467773 14095
1576883571595 -59.56206130981445 14124
1576883572957 -26.261627197265625 14155
1576883574524 -32.035675048828125 14190
1576883575831 -28.394695281982422 14220
1576883577120 -41.569427490234375 14249
1576883578587 7.788173198699951 14284
1576883579920 -5.546006679534912 14313
1576883581311 11.040456771850586 14342
1576883582580 16.890615463256836 14371
1576883583841 9.237908363342285 14399
1576883585212 4.189237594604492 14427
1576883586540 -1.1570602655410767 14455
1576883587956 35.15980911254883 14487
1576883589300 10.40400218963623 14518
1576883590654 -2.233156204223633 14550
1576883591969 17.580810546875 14579
1576883593277 -0.6948167681694031 14607
1576883594643 -9.499485969543457 14637
1576883596052 22.926082611083984 14669
1576883597553 7.811410903930664 14704
1576883598879 -1.515977382659912 14734
1576883600229 -16.77454948425293 14764
1576883601554 -12.29713249206543 14792
1576883602968 -20.273468017578125 14821
1576883604441 -9.445047378540039 14853
1576883605957 31.95137596130371 14887
1576883607257 -15.094300270080566 14916
1576883608580 6.112716197967529 14946
1576883609891 -6.975078582763672 14975
1576883611221 0.7632169127464294 15003
1576883612440 2.6923906803131104 15032
1576883613785 22.88705825805664 15067
1576883615200 -0.33497288823127747 15097
1576883616531 17.548118591308594 15125
1576883617827 -1.877935528755188 15154
1576883619127 5.189685344696045 15183
1576883620438 -10.624324798583984 15212
1576883621717 -6.196767330169678 15241
1576883623119 2.0649914741516113 15271
1576883624474 7.943748950958252 15301
1576883626087 23.872892379760742 15341
1576883626681 -1.0622673034667969 15350
1576883627918 -7.180573463439941 15383
1576883629313 -15.063316345214844 15414
1576883630693 -51.15751266479492 15443
1576883632006 7.627591609954834 15473
1576883633341 6.041114807128906 15503
1576883634804 33.79016876220703 15539
1576883636089 -12.528800010681152 15568
1576883637390 -20.643787384033203 15598
1576883638988 70.11528015136719 15638
1576883640443 -12.101606369018555 15671
1576883642022 0.8148626685142517 15706
1576883643608 -28.692956924438477 15743
1576883644975 -5.4096503257751465 15771
1576883646458 12.268424034118652 15807
1576883647806 15.073057174682617 15836
1576883649049 0.017856774851679802 15864
1576883650418 5.095699787139893 15894
1576883651705 -21.144914627075195 15922
1576883653201 7.690279006958008 15958
1576883654694 14.509654998779297 15993
1576883656137 -5.99038028717041 16023
1576883657426 -10.5464506149292 16052
1576883658910 50.95232009887695 16086
1576883660206 -16.91705894470215 16117
1576883661723 15.308283805847168 16153
1576883663096 -4.768488883972168 16182
1576883664531 -1.588697910308838 16215
1576883666053 4.171412944793701 16247
1576883667584 45.01787567138672 16282
1576883668964 -21.11688995361328 16312
1576883670413 -24.292203903198242 16344
1576883671756 -11.287014961242676 16373
1576883673136 16.162471771240234 16406
1576883674791 47.67759704589844 16446
1576883676104 -35.93028259277344 16474
1576883677514 12.146347045898438 16505
1576883678847 -21.177932739257812 16536
1576883680237 13.452615737915039 16568
1576883681556 -11.823250770568848 16597
1576883682898 -16.957759857177734 16627
1576883684372 6.328001976013184 16661
1576883685653 -14.805185317993164 16690
1576883687173 33.282691955566406 16726
1576883688690 16.271936416625977 16765
1576883690180 37.97587966918945 16798
1576883691601 -5.296140670776367 16827
1576883693066 35.504913330078125 16864
1576883694587 69.87127685546875 16899
1576883696070 -14.458250045776367 16933
1576883697375 -25.00740623474121 16962
1576883698873 -5.1913299560546875 16997
1576883700357 0.29552942514419556 17033
1576883701802 -15.614120483398438 17067
1576883703218 -13.666313171386719 17101
1576883704601 -25.046133041381836 17130
1576883706020 16.49715232849121 17164
1576883707511 35.046226501464844 17199
1576883708974 12.015714645385742 17235
1576883710456 -14.979771614074707 17269
1576883711969 5.982607841491699 17305
1576883713415 -10.69338607788086 17337
1576883715044 70.04499816894531 17376
1576883716468 -43.67819595336914 17409
1576883717941 9.733694076538086 17443
1576883719453 30.824386596679688 17477
1576883720870 -15.106157302856445 17508
1576883722235 -28.960859298706055 17542
1576883723686 3.3700640201568604 17574
1576883725181 24.934587478637695 17608
1576883726587 35.88332748413086 17639
1576883727975 7.4357805252075195 17672
1576883729357 66.03023529052734 17704
1576883730753 -0.7378411293029785 17738
1576883732126 -34.40178680419922 17771
1576883733554 -23.404863357543945 17802
1576883734939 -22.83985137939453 17835
1576883736432 -44.93760681152344 17868
1576883737840 -44.15922164916992 17900
1576883739492 15.205573081970215 17939
1576883740995 4.824388027191162 17973
1576883742466 16.079509735107422 18007
1576883743836 45.05242156982422 18040
1576883745285 23.45512580871582 18072
1576883746664 10.635988235473633 18104
1576883748061 -8.884942054748535 18136
1576883749559 -23.368772506713867 18171
1576883751007 -24.71969223022461 18205
1576883752466 -6.067959308624268 18238
1576883753972 17.021203994750977 18274
1576883755384 -10.676315307617188 18308
1576883756829 9.274764060974121 18344
1576883758334 -16.340269088745117 18376
1576883759780 54.65574645996094 18411
1576883761207 2.510345697402954 18444
1576883762727 27.929109573364258 18480
1576883764250 -13.403507232666016 18515
1576883765799 -3.294553518295288 18550
1576883767413 -1.1808546781539917 18588
1576883769031 19.003786087036133 18625
1576883770441 37.54137420654297 18660
1576883771966 54.59067153930664 18696
1576883773581 40.086971282958984 18735
1576883775197 11.094740867614746 18775
1576883776727 6.588344573974609 18808
1576883778237 -44.881591796875 18843
1576883779533 -53.79941940307617 18872
1576883781087 23.471454620361328 18912
1576883782668 5.381109237670898 18951
1576883784304 -18.37736701965332 18991
1576883784766 -0.05408824235200882 18992
1576883786159 13.84428596496582 19032
1576883786648 -1.2250827550888062 19034
1576883787765 -7.449136734008789 19067
1576883789228 -28.709684371948242 19100
1576883790802 -31.876163482666016 19134
1576883792280 -49.18593978881836 19168
1576883793625 -18.609830856323242 19197
1576883795008 -2.082210063934326 19228
1576883796327 16.6275691986084 19258
1576883797897 86.57904052734375 19296
1576883799248 -1.478702187538147 19324
1576883800683 21.595645904541016 19359
1576883802435 39.91834259033203 19399
1576883803733 14.372560501098633 19429
1576883805279 74.25822448730469 19465
1576883806622 -33.20840835571289 19496
1576883808210 17.81406593322754 19536
1576883808654 -0.020987754687666893 19537
1576883809763 -38.215633392333984 19567
1576883811128 -28.88283920288086 19598
1576883812576 1.2947256565093994 19632
1576883813965 -16.513975143432617 19665
1576883815411 -1.1621451377868652 19699
1576883816824 11.614236831665039 19730
1576883818216 -20.51657485961914 19763
1576883819684 25.185823440551758 19798
1576883821099 -3.0367543697357178 19830
1576883822553 27.753984451293945 19866
1576883824119 -48.317909240722656 19901
1576883825534 11.545197486877441 19934
1576883826959 14.720996856689453 19964
1576883828447 45.44870376586914 20003
1576883829969 -1.9039567708969116 20036
1576883831392 -16.116357803344727 20066
1576883832854 8.404534339904785 20099
1576883834389 1.5137823820114136 20137
1576883835872 42.87724685668945 20170
1576883837471 -12.454301834106445 20207
1576883838920 -17.062213897705078 20240
1576883840277 -50.499752044677734 20271
1576883841870 -12.451066970825195 20311
1576883842574 7.709096431732178 20325
1576883843763 -21.973712921142578 20358
1576883845337 8.852704048156738 20397
1576883846936 -5.343166351318359 20437
1576883848474 -8.880329132080078 20472
1576883850032 -21.448957443237305 20508
1576883851537 32.03434371948242 20546
1576883852956 7.909067630767822 20580
1576883854345 5.548627853393555 20613
1576883855866 12.965374946594238 20648
1576883857396 45.64034652709961 20682
1576883858839 22.07982063293457 20715
1576883860384 35.18673324584961 20754
1576883861810 -37.91504669189453 20782
1576883863171 -26.865602493286133 20814
1576883864620 -32.27536392211914 20848
1576883866311 34.836097717285156 20887
1576883867810 16.487024307250977 20923
1576883869428 -25.91826820373535 20959
1576883870891 -1.1706851720809937 20990
1576883872373 9.608413696289062 21028
1576883873738 4.484498977661133 21059
1576883875111 33.140071868896484 21090
1576883876453 -23.688093185424805 21121
1576883878135 30.363544464111328 21161
1576883878613 -0.4980104863643646 21163
1576883879747 -10.787314414978027 21195
1576883881237 -5.0739336013793945 21229
1576883882636 18.060741424560547 21264
1576883884227 -13.462446212768555 21304
1576883884847 -0.1416100710630417 21311
1576883886117 -29.62527847290039 21344
1576883887457 -70.34916687011719 21372
1576883888782 -11.800186157226562 21404
1576883890269 -26.2838077545166 21437
1576883891713 -55.94723892211914 21471
1576883893241 56.032371520996094 21510
1576883894807 36.46622848510742 21545
1576883896387 93.46589660644531 21580
1576883897955 69.33650970458984 21615
1576883899517 15.346029281616211 21651
1576883901018 8.752793312072754 21687
1576883902403 5.458525657653809 21718
1576883903967 14.13541030883789 21754
1576883905394 -6.7435455322265625 21789
1576883906872 -23.952070236206055 21823
1576883908273 -30.79373550415039 21856
1576883909610 -91.3859634399414 21884
1576883911093 9.960525512695312 21918
1576883912518 -8.9285249710083 21950
1576883914008 -6.134096145629883 21982
1576883915393 -20.635498046875 22013
1576883916862 22.529499053955078 22048
1576883918443 19.375743865966797 22084
1576883919985 -5.500617027282715 22120
1576883921541 71.84036254882812 22158
1576883923135 32.91819381713867 22196
1576883924745 -12.592802047729492 22231
1576883926176 16.72580337524414 22263
1576883927732 -53.428306579589844 22298
1576883929291 -29.426877975463867 22335
1576883930944 57.16785430908203 22372
1576883932349 29.74008560180664 22405
1576883933922 63.53644943237305 22445
1576883934430 -0.059183184057474136 22446
1576883935659 -37.10630416870117 22478
1576883937052 -21.504783630371094 22513
1576883938411 -20.135272979736328 22546
1576883939882 -24.347185134887695 22581
1576883941481 24.43394660949707 22621
1576883941971 1.465566873550415 22623
1576883943331 35.994998931884766 22661
1576883944913 16.386751174926758 22698
1576883946572 6.494745254516602 22736
1576883948178 21.838638305664062 22775
1576883949723 -7.287806034088135 22812
1576883951238 -12.249784469604492 22849
1576883952659 -11.492775917053223 22882
1576883954232 -69.47604370117188 22919
1576883955815 -11.03248405456543 22957
1576883957401 -15.23100757598877 22991
1576883958961 1.4283283948898315 23026
1576883960468 22.88568115234375 23060
1576883962006 -7.825193881988525 23093
1576883963522 14.336913108825684 23127
1576883965151 85.0982666015625 23167
1576883966582 26.93318748474121 23197
1576883968039 10.714007377624512 23231
1576883969652 -23.250471115112305 23268
1576883971215 7.292511940002441 23308
1576883971696 -0.24236339330673218 23310
1576883973064 10.534812927246094 23350
1576883973599 2.052170515060425 23354
1576883975011 8.442970275878906 23394
1576883975558 1.332032561302185 23398
1576883976952 -12.27600383758545 23436
1576883978475 -15.851309776306152 23471
1576883980011 -19.929183959960938 23511
1576883980608 1.0854657888412476 23519
1576883981974 3.4869980812072754 23557
1576883983573 -35.045867919921875 23593
1576883985048 0.8907036781311035 23628
1576883986608 27.03411293029785 23667
1576883988264 61.214935302734375 23706
1576883989796 50.15774154663086 23746
1576883990403 2.387511730194092 23754
1576883991767 0.39163756370544434 23794
1576883992264 -1.4995886087417603 23796
1576883993637 60.685089111328125 23835
1576883995182 -24.73125457763672 23873
1576883996773 -15.662027359008789 23910
1576883998237 -32.31956100463867 23943
1576883999842 -6.34175968170166 23983
1576884000347 0.6394710540771484 23986
1576884001667 5.428085803985596 24026
1576884002677 5.979135036468506 24066
1576884003557 -0.00214115041308105 24106
1576884004481 -0.33762460947036743 24146
1576884005369 -1.1918472051620483 24186
1576884006276 -1.7109521627426147 24226
1576884007141 -1.1358342170715332 24266
1576884008087 -0.7217180728912354 24306
1576884008756 7.136577129364014 24325
1576884010077 -39.72801971435547 24356
1576884011658 2.056196689605713 24392
1576884013065 -44.13275909423828 24423
1576884014610 13.151395797729492 24457
1576884016108 18.049816131591797 24494
1576884017554 38.319156646728516 24527
1576884019085 47.15250778198242 24567
1576884019704 4.844680309295654 24575
1576884020929 2.799445867538452 24611
1576884022400 14.243945121765137 24645
1576884023928 -4.295783519744873 24678
1576884025431 -33.65642547607422 24712
1576884026894 -23.596324920654297 24747
1576884028411 -19.83765411376953 24783
1576884029856 -37.17134094238281 24816
1576884031316 -38.964393615722656 24847
1576884032765 -3.6356141567230225 24884
1576884034334 13.103947639465332 24922
1576884035837 8.657416343688965 24956
1576884037326 20.73970603942871 24991
1576884038887 29.488601684570312 25026
1576884040567 67.7348861694336 25066
1576884041144 -0.12277163565158844 25071
1576884042384 7.694119453430176 25104
1576884043808 -25.182100296020508 25137
1576884045341 25.508010864257812 25172
1576884046812 -17.26650047302246 25203
1576884048197 -35.13087463378906 25235
1576884049697 17.451251983642578 25272
1576884051362 -8.395380973815918 25308
1576884052860 2.80526065826416 25340
1576884054423 18.59469985961914 25378
1576884056017 39.284202575683594 25416
1576884057674 16.68040657043457 25456
1576884059285 -39.412296295166016 25494
1576884060908 -12.812682151794434 25534
1576884062331 -24.753244400024414 25567
1576884063942 -8.185644149780273 25607
1576884065477 9.125900268554688 25647
1576884065937 -0.24308329820632935 25648
1576884067346 2.0271201133728027 25688
1576884067892 -1.078956961631775 25692
1576884069119 -36.22270584106445 25724
1576884070669 44.642513275146484 25763
1576884072223 -29.31379508972168 25797
1576884073650 -41.413814544677734 25828
1576884075136 27.966028213500977 25862
1576884076819 40.92060089111328 25902
1576884078301 26.91326141357422 25936
1576884079920 87.77989959716797 25976
1576884080657 11.094592094421387 25994
1576884082099 22.375350952148438 26032
1576884083519 -72.19771575927734 26063
1576884085155 7.096597194671631 26103
1576884086813 14.611725807189941 26143
1576884087393 0.554037868976593 26149
1576884088662 -25.9562931060791 26184
1576884090171 -3.93972110748291 26222
1576884091800 -5.4281840324401855 26261
1576884093344 -35.39844512939453 26297
1576884094861 -5.601550102233887 26334
1576884096396 -15.062453269958496 26367
1576884098082 31.558759689331055 26407
1576884098700 4.993137836456299 26414
1576884100082 30.954975128173828 26454
1576884100797 12.796219825744629 26469
1576884102206 27.980770111083984 26509
1576884102728 -0.901959240436554 26512
1576884104093 45.64727783203125 26552
1576884104670 -0.30926594138145447 26557
1576884105965 3.6917240619659424 26597
1576884106507 2.121119260787964 26600
1576884107746 -38.854496002197266 26637
1576884109389 -21.524595260620117 26677
1576884109847 -0.9080913662910461 26678
1576884111029 -18.285511016845703 26710
1576884112456 5.53864860534668 26744
1576884113918 -24.87428855895996 26778
1576884115509 -7.161905765533447 26813
1576884117059 10.675310134887695 26851
1576884118715 29.268579483032227 26891
1576884119444 9.642783164978027 26910
1576884120877 13.713698387145996 26945
1576884122416 0.8787192106246948 26980
1576884124123 2.3637239933013916 27020
1576884124721 1.9066884517669678 27028
1576884126093 22.9703311920166 27067
1576884127673 -0.7160736918449402 27101
1576884129180 7.88878059387207 27136
1576884130622 -16.12862777709961 27169
1576884132174 -9.903559684753418 27206
1576884133845 16.158159255981445 27246
1576884134318 -1.5331506729125977 27247
1576884135436 -10.312310218811035 27278
1576884136800 -56.777069091796875 27309
1576884138072 -28.7890625 27337
1576884139457 9.12427806854248 27371
1576884141012 -8.276727676391602 27407
1576884142565 -34.369728088378906 27445
1576884144080 -13.107155799865723 27479
1576884145533 -8.332651138305664 27514
1576884147057 -9.91666030883789 27546
1576884148662 63.04325485229492 27584
1576884150234 63.223838806152344 27624
1576884151890 74.7952880859375 27663
1576884153502 15.785920143127441 27703
1576884154024 0.8917396664619446 27707
1576884155366 50.04695129394531 27745
1576884156916 10.837703704833984 27781
1576884158493 -7.861167907714844 27819
1576884159958 -64.70989990234375 27852
1576884161489 -26.2259578704834 27889
1576884162860 -76.35520935058594 27918
1576884164430 25.95816993713379 27957
1576884165934 -34.13566970825195 27990
1576884167501 30.821067810058594 28030
1576884167969 -0.13851773738861084 28031
1576884169196 26.12220001220703 28067
1576884170803 54.09896469116211 28107
1576884171378 0.8309535980224609 28113
1576884172764 66.11883544921875 28153
1576884173325 -0.013705780729651451 28158
1576884174538 -39.88494110107422 28191
1576884176203 -2.265066623687744 28228
1576884177826 37.97370910644531 28264
1576884179307 13.697068214416504 28300
1576884180929 -22.47323989868164 28336
1576884182424 -50.110042572021484 28367
1576884183817 -37.93153381347656 28398
1576884185274 -11.055158615112305 28430
1576884186751 50.981201171875 28466
1576884188342 -16.593080520629883 28502
1576884189952 23.843921661376953 28541
1576884191488 30.955936431884766 28575
1576884192977 -28.757347106933594 28606
1576884194471 0.8526301383972168 28640
1576884196040 -33.936126708984375 28680
1576884197557 -7.184640407562256 28718
1576884199022 52.65377426147461 28755
1576884200611 41.879478454589844 28790
1576884202257 13.5684814453125 28830
1576884202774 -0.7505976557731628 28833
1576884203998 2.4693081378936768 28869
1576884205593 20.5622501373291 28909
1576884206225 4.926419258117676 28919
1576884207579 16.51713752746582 28956
1576884209073 -25.924468994140625 28991
1576884210710 11.958191871643066 29031
1576884211173 -0.3170044422149658 29032
1576884212362 -11.022626876831055 29066
1576884214045 17.296546936035156 29106
1576884214540 -0.2917529046535492 29107
1576884215685 -65.86255645751953 29138
1576884217177 -37.7740364074707 29172
1576884218533 -62.80552291870117 29203
1576884220139 -14.406811714172363 29243
1576884220659 -1.9279249906539917 29246
1576884221952 43.670799255371094 29280
1576884223507 59.52275848388672 29316
1576884225067 64.71772766113281 29352
1576884226703 17.650217056274414 29391
1576884228176 4.7932047843933105 29425
1576884229553 18.436601638793945 29456
1576884231075 10.405303955078125 29489
1576884232527 -11.690516471862793 29524
1576884234148 59.73126220703125 29564
1576884234629 0.1533493548631668 29566
1576884235909 -7.41937255859375 29600
1576884237516 -54.061954498291016 29640
1576884238139 2.4137792587280273 29648
1576884239456 -29.578767776489258 29682
1576884240965 -37.2382698059082 29715
1576884242509 -7.72664213180542 29751
1576884243956 23.23533058166504 29786
1576884245445 -13.377121925354004 29820
1576884247039 18.028501510620117 29856
1576884248624 20.574342727661133 29893
1576884250237 50.50319290161133 29933
1576884250737 -0.3760116994380951 29936
1576884251975 15.698213577270508 29975
1576884253703 -31.981796264648438 30015
1576884254284 -2.032365560531616 30020
1576884255616 18.74175262451172 30060
1576884256118 -1.0387470722198486 30062
1576884257393 -27.39204216003418 30096
1576884258944 -24.89558219909668 30132
1576884260436 -30.398571014404297 30166
1576884261963 -1.9453930854797363 30202
1576884263390 19.881513595581055 30236
1576884264839 1.1173977851867676 30268
1576884266328 -0.6714381575584412 30302
1576884267863 35.66484069824219 30337
1576884269473 39.67271041870117 30377
1576884270023 0.24602366983890533 30381
1576884271190 0.8980879783630371 30412
1576884272806 8.032777786254883 30452
1576884273403 2.503032684326172 30458
1576884274809 41.298095703125 30498
1576884275399 1.7297085523605347 30503
1576884276634 -12.73025131225586 30535
1576884278218 27.365055084228516 30572
1576884279818 -96.83486938476562 30607
1576884281368 14.93889331817627 30643
1576884283002 -7.3375349044799805 30682
1576884284573 46.888450622558594 30719
1576884286248 31.28526496887207 30759
1576884286826 3.3849053382873535 30765
1576884288127 -13.42598819732666 30801
1576884289809 31.30646514892578 30841
1576884291458 23.540685653686523 30881
1576884292981 -6.1502838134765625 30912
1576884294580 6.6008992195129395 30951
1576884296216 23.487171173095703 30991
1576884296718 -0.9088727831840515 30993
1576884298061 -9.125948905944824 31031
1576884299676 1.6533547639846802 31071
1576884300322 2.4239501953125 31080
1576884301754 -27.061054229736328 31119
1576884303294 -19.95795440673828 31153
1576884304897 -4.837656021118164 31193
1576884306601 -18.699254989624023 31232
1576884308204 15.49990463256836 31272
1576884308655 -0.4156649708747864 31273
1576884309916 -14.177780151367188 31306
1576884311591 -48.26396560668945 31341
1576884313266 -7.435268878936768 31379
1576884314951 -33.73037338256836 31416
1576884316608 26.006187438964844 31456
1576884318359 70.74186706542969 31496
1576884318874 0.932831346988678 31498
1576884320189 71.53842163085938 31538
1576884320759 2.3301379680633545 31542
1576884322118 35.6976318359375 31580
1576884323740 22.72100067138672 31620
1576884324250 -1.1744128465652466 31621
1576884325647 32.72047805786133 31661
1576884326255 -0.2746598720550537 31666
1576884327585 -46.9893913269043 31703
1576884329167 -2.0010762214660645 31743
1576884329710 0.05279642343521118 31746
1576884331041 -34.86795425415039 31783
1576884332712 1.4609535932540894 31823
1576884334370 19.18497657775879 31863
1576884334901 0.3177318274974823 31868
1576884336285 -1.26072359085083 31908
1576884337868 23.73992919921875 31948
1576884338487 -2.8424034118652344 31956
1576884339790 4.786905765533447 31995
1576884341352 4.590963363647461 32033
1576884343027 -27.63779640197754 32073
1576884343473 -0.24168260395526886 32074
1576884344883 -48.40239334106445 32114
1576884345394 -1.536947250366211 32116
1576884346634 -18.706754684448242 32151
1576884348294 0.2594490349292755 32190
1576884349935 35.168399810791016 32230
1576884350489 -0.33916983008384705 32234
1576884351862 45.73466110229492 32274
1576884352481 -0.127046138048172 32281
1576884353837 5.759336948394775 32318
1576884355463 39.178504943847656 32358
1576884356099 6.775811672210693 32367
1576884357357 -0.14372771978378296 32399
1576884358936 48.798095703125 32439
1576884359524 -0.3482070565223694 32446
1576884360944 27.011255264282227 32486
1576884361446 -0.566231906414032 32488
1576884362722 -73.68778991699219 32524
1576884364254 -29.029268264770508 32561
1576884365874 4.692070007324219 32601
1576884366431 -0.8765227794647217 32607
1576884367755 -16.709205627441406 32641
1576884369372 3.2514727115631104 32680
1576884370872 -29.10728645324707 32717
1576884372412 15.446695327758789 32755
1576884374004 26.383955001831055 32795
1576884374547 0.05600546672940254 32800
1576884375853 -17.430744171142578 32837
1576884377367 -15.592172622680664 32872
1576884378835 0.6731990575790405 32903
1576884380427 40.42683410644531 32943
1576884381075 5.064945220947266 32954
1576884382342 -14.778639793395996 32988
1576884383971 20.29104232788086 33024
1576884385588 7.793642520904541 33064
1576884386208 1.048394799232483 33070
1576884387533 -48.375308990478516 33104
1576884389036 -43.41762924194336 33137
1576884390580 21.560487747192383 33172
1576884392094 29.020109176635742 33212
1576884392578 -0.10603935271501541 33214
1576884393840 19.55413055419922 33249
1576884395439 -3.64304518699646 33283
1576884396895 -9.15361213684082 33317
1576884398504 25.075109481811523 33355
1576884400105 25.198131561279297 33395
1576884400591 0.0013941037468612194 33396
1576884401810 -3.0915141105651855 33430
1576884403423 12.72227954864502 33470
1576884405024 42.17877197265625 33508
1576884406595 -4.958427429199219 33547
1576884408188 31.58340072631836 33587
1576884408756 -7.6232428550720215 33592
1576884410157 -10.15416145324707 33632
1576884410747 1.1779932975769043 33639
1576884412120 -23.194181442260742 33679
1576884413817 -11.458521842956543 33719
1576884414306 -0.8463314175605774 33720
1576884415586 -4.483664035797119 33760
1576884416045 -1.1964784860610962 33761
1576884417374 -35.532981872558594 33799
1576884418949 -2.379620313644409 33836
1576884420474 -46.77067565917969 33871
1576884422060 -2.6926963329315186 33909
1576884423642 -4.343845844268799 33947
1576884425380 -1.6722384691238403 33987
1576884425943 0.9934758543968201 33992
1576884427293 41.24058151245117 34032
1576884427767 -0.31883519887924194 34033
1576884429134 24.39594078063965 34073
1576884430696 -18.062637329101562 34106
1576884432289 17.34282112121582 34141
1576884433766 18.87506675720215 34174
1576884435170 9.791191101074219 34207
1576884436642 9.224019050598145 34240
1576884438091 36.65824890136719 34276
1576884439714 61.69762420654297 34313
1576884441259 12.836417198181152 34351
1576884442741 -3.103151321411133 34388
1576884444378 -13.929510116577148 34428
1576884446047 -11.235196113586426 34466
1576884447706 -13.866154670715332 34506
1576884448175 -1.2452906370162964 34507
1576884449529 -23.197715759277344 34546
1576884450949 -32.063541412353516 34578
1576884452385 -34.93925476074219 34610
1576884453885 10.432389259338379 34646
1576884455254 -41.615814208984375 34675
1576884456681 10.421906471252441 34706
1576884458241 21.899337768554688 34741
1576884459767 6.216148853302002 34774
1576884461274 -25.02387237548828 34806
1576884462782 36.713409423828125 34840
1576884464305 34.046363830566406 34876
1576884465790 6.067196369171143 34910
1576884467428 53.7051887512207 34947
1576884469047 30.185779571533203 34987
1576884469549 -1.4319875240325928 34989
1576884470717 7.886301517486572 35021
1576884472200 -21.289432525634766 35053
1576884473715 -2.112523317337036 35089
1576884475284 -2.529433012008667 35126
1576884476845 14.635921478271484 35161
1576884478488 -10.892618179321289 35201
1576884478998 -0.2573065757751465 35203
1576884480298 -14.741927146911621 35243
1576884480791 0.1238027885556221 35245
1576884481990 -21.4559326171875 35280
