1576882967018 22.226926803588867 30
1576882968530 33.84367370605469 61
1576882969966 18.753511428833008 93
1576882971364 7.901882648468018 123
1576882972735 3.4730336666107178 152
1576882973970 5.037502765655518 180
1576882975217 12.254474639892578 208
1576882976627 3.2925972938537598 240
1576882977943 3.456782102584839 268
1576882979342 14.555646896362305 300
1576882980698 4.36237907409668 330
1576882982078 9.024803161621094 363
1576882983425 4.324586391448975 396
1576882984663 4.681549072265625 424
1576882986058 4.235229015350342 458
1576882987487 10.262295722961426 490
1576882988912 9.316426277160645 524
1576882990553 4.534024715423584 564
1576882992055 5.99393892288208 595
1576882993625 16.940593719482422 634
1576882994982 4.958962440490723 664
1576882996254 2.318732261657715 693
1576882997594 6.211171627044678 728
1576882999056 9.6870698928833 764
1576883000425 10.37908935546875 792
1576883001759 7.018506050109863 821
1576883003264 7.467928886413574 858
1576883004652 7.26569938659668 890
1576883006267 5.873094081878662 930
1576883006808 0.29807183146476746 936
1576883008236 23.406536102294922 976
1576883008696 0.3171103596687317 978
1576883009787 1.794922113418579 1008
1576883011278 4.0910444259643555 1046
1576883012886 2.215531587600708 1085
1576883014236 5.156809329986572 1118
1576883015825 4.1441874504089355 1157
1576883017271 1.5156790018081665 1189
1576883018793 1.551751971244812 1223
1576883020231 11.42636489868164 1256
1576883021653 4.97199010848999 1291
1576883023178 1.979723572731018 1326
1576883024470 6.743833065032959 1355
1576883025808 2.5044515132904053 1388
1576883027243 4.720521450042725 1422
1576883028667 3.4413249492645264 1455
1576883030104 3.217350959777832 1492
1576883031649 5.923564910888672 1525
1576883033140 3.8332085609436035 1559
1576883034599 3.6486146450042725 1592
1576883035847 5.491332054138184 1620
1576883037418 4.266037464141846 1657
1576883038890 2.3313333988189697 1692
1576883040362 5.309092998504639 1728
1576883041802 2.029144525527954 1759
1576883043250 5.604992866516113 1793
1576883044774 2.8039932250976562 1829
1576883046230 1.6961541175842285 1864
1576883047888 12.810845375061035 1904
1576883048322 0.033680323511362076 1905
1576883049497 2.091900110244751 1938
1576883050999 4.011130332946777 1974
1576883052569 3.7115676403045654 2014
1576883054210 1.9851020574569702 2054
1576883055727 2.427717447280884 2088
1576883057136 5.287563800811768 2120
1576883058513 2.7713091373443604 2153
1576883060030 3.6612489223480225 2193
1576883060506 0.2991499900817871 2196
1576883061672 2.4662678241729736 2230
1576883063002 3.096184015274048 2262
1576883064591 1.4225670099258423 2302
1576883065030 0.07770738005638123 2303
1576883066189 3.6823925971984863 2336
1576883067749 5.772705078125 2376
1576883068184 0.13490130007266998 2377
1576883069293 1.7856673002243042 2410
1576883070843 4.619941234588623 2447
1576883072234 3.2755744457244873 2479
1576883073620 1.8384068012237549 2512
1576883075255 2.181915283203125 2549
1576883076788 4.51389741897583 2585
1576883078160 2.0431721210479736 2619
1576883079702 2.42808198928833 2653
1576883081096 1.2615516185760498 2687
1576883082513 3.3755805492401123 2719
1576883083916 3.941105842590332 2754
1576883085575 26.52524185180664 2794
1576883085990 0.10685815662145615 2795
1576883087238 4.697507858276367 2830
1576883088771 10.528207778930664 2868
1576883090449 14.92922592163086 2908
1576883090887 0.027994437143206596 2910
1576883092184 1.905612587928772 2947
1576883093695 2.821528911590576 2982
1576883095111 14.349546432495117 3014
1576883096536 10.741336822509766 3047
1576883098008 2.9082906246185303 3081
1576883099386 1.5563068389892578 3111
1576883100685 7.90242338180542 3139
1576883101994 2.5093231201171875 3170
1576883103456 8.09811019897461 3203
1576883105013 6.0252861976623535 3240
1576883106405 5.028887748718262 3271
1576883107852 1.9049314260482788 3305
1576883109308 0.8447598218917847 3339
1576883110856 3.7003393173217773 3376
1576883112246 2.994016408920288 3407
1576883113633 11.866288185119629 3441
1576883115194 9.340331077575684 3478
1576883116680 5.329459190368652 3512
1576883118174 3.665053129196167 3549
1576883119591 3.3317441940307617 3582
1576883121003 3.418992042541504 3612
1576883122416 4.992602825164795 3645
1576883123787 5.44791316986084 3676
1576883125474 2.993314027786255 3716
1576883125911 0.07130834460258484 3717
1576883127227 10.436079025268555 3754
1576883128512 8.666528701782227 3782
1576883129822 3.9089462757110596 3816
1576883131176 7.090516090393066 3848
1576883132539 4.319574356079102 3880
1576883134112 12.61152172088623 3920
1576883134581 0.23202767968177795 3923
1576883135775 8.018754959106445 3957
1576883137195 12.723450660705566 3992
1576883138556 17.185976028442383 4022
1576883140046 8.410993576049805 4056
1576883141423 1.7893059253692627 4086
1576883142813 1.070266842842102 4119
1576883144282 2.280121326446533 4154
1576883145843 7.654329776763916 4190
1576883147371 4.29661750793457 4228
1576883148949 21.325546264648438 4266
1576883150467 15.137490272521973 4301
1576883151914 4.529510498046875 4335
1576883153404 2.372739791870117 4369
1576883154828 1.150295615196228 4403
1576883156269 4.252144813537598 4435
1576883157561 13.738651275634766 4467
1576883158955 2.4660470485687256 4500
1576883160419 1.7224277257919312 4535
1576883161993 4.984285831451416 4572
1576883163527 4.772964000701904 4609
1576883165081 6.258335113525391 4649
1576883165767 0.03273993730545044 4664
1576883167133 4.654430389404297 4701
1576883168498 3.5898733139038086 4736
1576883169914 2.805830240249634 4768
1576883171360 2.6819567680358887 4802
1576883172913 2.323352575302124 4839
1576883174311 2.3545002937316895 4874
1576883175815 2.8607611656188965 4911
1576883177445 5.4854512214660645 4951
1576883178035 0.1925867348909378 4958
1576883179344 6.940299034118652 4998
1576883179994 0.5195953249931335 5008
1576883181095 1.6781474351882935 5038
1576883182482 1.530633568763733 5071
1576883183989 3.1771047115325928 5107
1576883185527 1.9662967920303345 5142
1576883187025 3.486215114593506 5179
1576883188608 2.7186617851257324 5216
1576883190196 12.873251914978027 5255
1576883191670 2.2493679523468018 5289
1576883193123 9.90593147277832 5322
1576883194461 2.91506028175354 5353
1576883195940 1.3016327619552612 5388
1576883197595 1.0894867181777954 5428
1576883198207 0.1644621044397354 5437
1576883199368 2.1919822692871094 5467
1576883200697 1.871888518333435 5499
1576883202122 16.10108184814453 5534
1576883203613 4.3371171951293945 5570
1576883204967 2.438117027282715 5604
1576883206543 2.4767632484436035 5643
1576883208272 4.182648658752441 5683
1576883208948 0.4461943805217743 5698
1576883210060 3.0928053855895996 5728
1576883211544 1.882254958152771 5764
1576883213134 2.786327600479126 5802
1576883214786 4.262457847595215 5839
1576883216357 12.039678573608398 5877
1576883217878 2.2881243228912354 5916
1576883219412 2.3529703617095947 5952
1576883220778 9.190169334411621 5984
1576883222163 3.03753924369812 6018
1576883223782 13.082114219665527 6058
1576883224436 1.1731587648391724 6070
1576883225736 4.026594638824463 6106
1576883227288 5.157245635986328 6141
1576883228795 4.3996901512146 6177
1576883230402 16.147966384887695 6214
1576883231948 7.105076789855957 6250
1576883233354 11.949563026428223 6283
1576883234761 2.1825361251831055 6317
1576883236326 1.4547202587127686 6352
1576883237757 10.488831520080566 6386
1576883239202 4.025900840759277 6419
1576883240574 1.52997887134552 6453
1576883241950 1.1328486204147339 6485
1576883243359 5.9125075340271 6520
1576883244796 2.244319200515747 6554
1576883246216 1.653877854347229 6589
1576883247725 1.3333667516708374 6627
1576883249179 1.3891018629074097 6663
1576883250834 2.578118085861206 6700
1576883252361 4.761143684387207 6737
1576883253855 10.501700401306152 6774
1576883255412 3.525566339492798 6812
1576883257063 3.1014962196350098 6852
1576883257729 0.4499353766441345 6865
1576883259034 2.040179967880249 6898
1576883260533 2.325258255004883 6932
1576883262161 10.039164543151855 6970
1576883263544 2.6001620292663574 7002
1576883264927 1.0910911560058594 7035
1576883266516 10.460862159729004 7075
1576883266941 0.01531118806451559 7076
1576883268282 1.1938961744308472 7116
1576883268820 0.16814762353897095 7121
1576883270132 5.184508800506592 7158
1576883271614 1.5542296171188354 7191
1576883273233 1.7579007148742676 7225
1576883274756 3.6632981300354004 7256
1576883276289 4.936555862426758 7290
1576883277681 1.8278480768203735 7323
1576883279077 4.964175701141357 7356
1576883280642 6.453046798706055 7394
1576883282024 5.291234493255615 7425
1576883283469 3.32071852684021 7460
1576883284874 2.403130292892456 7493
1576883286445 4.507124900817871 7533
1576883286938 0.47013717889785767 7537
1576883288123 3.814964771270752 7570
1576883289747 2.413473129272461 7610
1576883290460 1.0219060182571411 7623
1576883291943 5.595284938812256 7660
1576883293412 2.1134772300720215 7692
1576883294996 3.6150624752044678 7729
1576883296391 2.0246877670288086 7761
1576883297836 1.9590014219284058 7795
1576883299243 1.5450828075408936 7827
1576883300834 2.548114776611328 7864
1576883302306 1.3141893148422241 7896
1576883303685 0.7477284073829651 7930
1576883305100 2.2807681560516357 7964
1576883306630 1.3992321491241455 7999
1576883308027 2.1573240756988525 8033
1576883309386 1.0585060119628906 8065
1576883310794 3.2207348346710205 8100
1576883312168 1.7212951183319092 8131
1576883313543 8.738439559936523 8167
1576883314984 1.656230092048645 8200
1576883316377 1.5402147769927979 8235
1576883317947 2.2986371517181396 8273
1576883319542 2.793182611465454 8309
1576883321025 2.810365676879883 8344
1576883322308 2.459591865539551 8375
1576883323660 3.3573737144470215 8410
1576883325061 2.277941942214966 8443
1576883326456 3.7961528301239014 8476
1576883327891 2.6641345024108887 8511
1576883329196 5.612715244293213 8542
1576883330615 4.027457237243652 8577
1576883332015 2.7382686138153076 8610
1576883333425 4.588558673858643 8645
1576883334799 1.33356773853302 8679
1576883336205 6.515158653259277 8712
1576883337526 1.6065402030944824 8744
1576883338888 2.1419529914855957 8777
1576883340318 5.082502365112305 8811
1576883341753 1.9796943664550781 8845
1576883343190 1.589042067527771 8879
1576883344643 1.0715874433517456 8915
1576883346105 3.27707576751709 8946
1576883347593 2.8974578380584717 8981
1576883349032 3.621495008468628 9016
1576883350355 4.4444427490234375 9047
1576883351802 2.104536771774292 9079
1576883353314 1.4419214725494385 9115
1576883354791 1.676153302192688 9147
1576883356243 3.6288931369781494 9180
1576883357683 2.6876447200775146 9214
1576883359044 1.5672444105148315 9244
1576883360543 4.066482067108154 9280
1576883361996 1.9096274375915527 9314
1576883363447 1.6235744953155518 9345
1576883364947 3.4105141162872314 9380
1576883366373 2.242771863937378 9414
1576883367771 4.263924598693848 9447
1576883369301 3.5818989276885986 9483
1576883370727 2.0472004413604736 9513
1576883372242 3.0535244941711426 9551
1576883373663 3.05928897857666 9587
1576883375070 2.3761699199676514 9619
1576883376491 6.562205791473389 9652
1576883377909 10.005191802978516 9688
1576883379395 1.4710417985916138 9721
1576883380812 1.6089234352111816 9752
1576883382180 1.1402759552001953 9782
1576883383621 6.2875213623046875 9816
1576883384939 1.2567960023880005 9845
1576883386307 5.2478132247924805 9878
1576883387870 3.1471335887908936 9914
1576883389212 1.054713249206543 9943
1576883390674 2.1527950763702393 9977
1576883392152 1.958221197128296 10011
1576883393568 7.655666351318359 10046
1576883395075 1.3279911279678345 10080
1576883396372 2.9427330493927 10109
1576883397608 4.147439956665039 10140
1576883399079 4.323102951049805 10174
1576883400442 6.62786340713501 10203
1576883401755 1.6983314752578735 10233
1576883403011 3.076801300048828 10261
1576883404301 4.551863670349121 10289
1576883405648 2.2678353786468506 10319
1576883407107 4.387996673583984 10352
1576883408588 1.044355869293213 10387
1576883409880 1.9033126831054688 10415
1576883411194 1.2959332466125488 10446
1576883412446 1.4085897207260132 10474
1576883413741 6.715365409851074 10507
1576883415210 5.921401500701904 10540
1576883416601 2.1101057529449463 10574
1576883417919 1.4798262119293213 10604
1576883419375 0.7039769291877747 10637
1576883420676 2.1311142444610596 10666
1576883422090 4.295668125152588 10700
1576883423357 1.2273979187011719 10729
1576883424745 0.791235625743866 10763
1576883426117 1.580280065536499 10792
1576883427755 7.481645584106445 10832
1576883428216 0.08234184980392456 10834
1576883429285 7.204287528991699 10864
1576883430659 16.418285369873047 10900
1576883432042 2.4651172161102295 10932
1576883433581 2.7530875205993652 10968
1576883435135 1.7353841066360474 11004
1576883436559 0.7410067915916443 11036
1576883438067 2.2590057849884033 11067
1576883439331 3.9707865715026855 11097
1576883440777 12.638310432434082 11130
1576883442073 1.4722217321395874 11158
1576883443452 4.000195503234863 11191
1576883444942 10.330147743225098 11226
1576883446514 15.165751457214355 11266
1576883447966 1.9756890535354614 11300
1576883449439 1.235624074935913 11334
1576883450739 5.938821792602539 11363
1576883452133 5.20538854598999 11396
1576883453404 1.2377265691757202 11424
1576883454679 4.85057258605957 11455
1576883456135 2.2617275714874268 11488
1576883457595 1.685462474822998 11518
1576883458988 1.5079824924468994 11550
1576883460293 2.7163333892822266 11578
1576883461675 1.0669416189193726 11610
1576883463202 4.431228160858154 11647
1576883464744 3.885328769683838 11683
1576883466192 5.807204246520996 11717
1576883467635 4.7641987800598145 11750
1576883469047 3.6651437282562256 11782
1576883470528 8.545019149780273 11818
1576883471946 5.064779758453369 11851
1576883473355 9.159180641174316 11882
1576883474791 1.9679971933364868 11915
1576883476238 0.810997724533081 11950
1576883477584 5.630517482757568 11982
1576883479077 10.389681816101074 12017
1576883480479 3.6133100986480713 12050
1576883481872 1.1151853799819946 12082
1576883483236 1.351262092590332 12112
1576883484523 12.345516204833984 12140
1576883485883 1.2119160890579224 12170
1576883487218 1.9432188272476196 12204
1576883488613 5.5137434005737305 12236
1576883489978 6.997552394866943 12267
1576883491297 13.426168441772461 12296
1576883492554 14.645872116088867 12325
1576883493979 27.914371490478516 12359
1576883495364 3.492068290710449 12388
1576883496635 0.9580516815185547 12417
1576883497960 0.951396107673645 12447
1576883499334 1.519832968711853 12476
1576883500724 1.8524105548858643 12508
1576883502188 3.0106148719787598 12542
1576883503573 1.7835665941238403 12573
1576883504998 3.710725784301758 12607
1576883506326 4.9127888679504395 12635
1576883507936 1.140202283859253 12675
1576883508670 0.2891980707645416 12692
1576883509787 0.7569937705993652 12720
1576883511087 1.5877201557159424 12750
1576883512386 7.211101055145264 12779
1576883513848 1.8574331998825073 12812
1576883515262 10.257111549377441 12845
1576883516621 1.2802815437316895 12874
1576883517887 3.4985899925231934 12904
1576883519309 1.0253764390945435 12936
1576883520702 1.4401956796646118 12968
1576883522034 1.6898304224014282 12997
1576883523529 3.654283285140991 13032
1576883524898 4.324309349060059 13063
1576883526202 2.8983354568481445 13093
1576883527574 6.549198627471924 13122
1576883528893 1.5624852180480957 13151
1576883530177 2.5334954261779785 13182
1576883531583 2.0892226696014404 13217
1576883532991 1.1414293050765991 13247
1576883534248 6.1309380531311035 13276
1576883535848 5.8624587059021 13313
1576883537230 4.093754291534424 13346
1576883538720 3.814483642578125 13382
1576883540198 4.674857139587402 13416
1576883541624 2.845329761505127 13448
1576883542961 1.7243247032165527 13481
1576883544503 2.662091016769409 13518
1576883545938 1.086167335510254 13551
1576883547310 4.15165376663208 13580
1576883548652 10.34797477722168 13607
1576883550085 5.863847732543945 13642
1576883551386 5.0092082023620605 13670
1576883552797 3.1711244583129883 13702
1576883554053 3.94938325881958 13730
1576883555402 1.526909351348877 13760
1576883556716 0.570883572101593 13790
1576883558088 16.061124801635742 13821
1576883559448 2.811279296875 13851
1576883560798 4.349101543426514 13880
1576883562116 3.805925130844116 13910
1576883563424 1.6896495819091797 13941
1576883564736 0.9574428796768188 13970
1576883566039 5.138228416442871 13999
1576883567312 5.076992988586426 14029
1576883568869 8.856173515319824 14066
1576883570187 2.0435595512390137 14095
1576883571567 10.992744445800781 14124
1576883572933 3.354175567626953 14155
1576883574490 3.7374966144561768 14190
1576883575807 5.255440711975098 14220
1576883577095 8.264814376831055 14249
1576883578561 1.8758236169815063 14284
1576883579883 2.085099935531616 14313
1576883581288 2.879723072052002 14342
1576883582557 2.1399736404418945 14371
1576883583817 1.097031593322754 14399
1576883585187 1.4559452533721924 14427
1576883586516 0.3690209984779358 14455
1576883587933 9.77875804901123 14487
1576883589277 2.114158868789673 14518
1576883590627 1.8576313257217407 14550
1576883591944 3.3607568740844727 14579
1576883593254 1.8259952068328857 14607
1576883594620 1.5440568923950195 14637
1576883596029 3.7453393936157227 14669
1576883597530 2.503488063812256 14704
1576883598855 0.7112729549407959 14734
1576883600196 2.3809814453125 14764
1576883601518 3.307237148284912 14792
1576883602935 2.9405112266540527 14821
1576883604406 2.1404123306274414 14853
1576883605933 3.4361236095428467 14887
1576883607228 2.609975576400757 14916
1576883608556 0.9660230875015259 14946
1576883609850 0.818673849105835 14975
1576883611198 0.9079564213752747 15003
1576883612416 0.7317590117454529 15032
1576883613757 3.7375309467315674 15067
1576883615174 0.6874083876609802 15097
1576883616502 2.566559314727783 15125
1576883617803 1.2014567852020264 15154
1576883619103 1.6378369331359863 15183
1576883620414 2.119323968887329 15212
1576883621691 1.358885407447815 15241
1576883623095 1.0677591562271118 15271
1576883624448 1.2678394317626953 15301
1576883626050 3.5843119621276855 15341
1576883626656 0.05279742553830147 15350
1576883627879 0.7035170793533325 15383
1576883629288 1.9221093654632568 15414
1576883630669 8.965803146362305 15443
1576883631973 1.168531894683838 15473
1576883633307 0.7005206346511841 15503
1576883634778 8.118289947509766 15539
1576883636065 1.0801066160202026 15568
1576883637367 2.6216881275177 15598
1576883638964 14.570267677307129 15638
1576883640419 2.9719901084899902 15671
1576883641989 2.2814948558807373 15706
1576883643583 2.521400213241577 15743
1576883644951 0.8837857842445374 15771
1576883646429 1.6477429866790771 15807
1576883647782 2.0211312770843506 15836
1576883649025 0.6706093549728394 15864
1576883650392 1.2375463247299194 15894
1576883651674 2.5583364963531494 15922
1576883653178 1.7126564979553223 15958
1576883654670 3.237030506134033 15993
1576883656112 2.5606141090393066 16023
1576883657401 1.504765510559082 16052
1576883658886 8.203254699707031 16086
1576883660182 4.446616172790527 16117
1576883661689 3.1140706539154053 16153
1576883663072 0.9826514720916748 16182
1576883664506 1.001541256904602 16215
1576883666028 2.662447214126587 16247
1576883667559 6.134767532348633 16282
1576883668939 2.0880653858184814 16312
1576883670388 2.2857208251953125 16344
1576883671731 1.3637791872024536 16373
1576883673102 2.5368597507476807 16406
1576883674758 8.8034086227417 16446
1576883676079 5.610556125640869 16474
1576883677477 1.7869054079055786 16505
1576883678819 2.8128631114959717 16536
1576883680208 3.5798556804656982 16568
1576883681528 1.7310658693313599 16597
1576883682870 3.2635395526885986 16627
1576883684347 2.573354482650757 16661
1576883685619 2.4110236167907715 16690
1576883687148 8.33909797668457 16726
1576883688663 4.0152435302734375 16765
1576883690137 4.980648040771484 16798
1576883691575 3.0522620677948 16827
1576883693042 5.698986530303955 16864
1576883694562 14.185186386108398 16899
1576883696046 2.6964468955993652 16933
1576883697350 4.379067420959473 16962
1576883698833 3.960453748703003 16997
1576883700327 3.2743401527404785 17033
1576883701770 2.8660078048706055 17067
1576883703193 2.341658353805542 17101
1576883704576 3.0642900466918945 17130
1576883705988 2.1030771732330322 17164
1576883707487 4.397873878479004 17199
1576883708942 2.2069947719573975 17235
1576883710426 1.4308637380599976 17269
1576883711944 1.9902558326721191 17305
1576883713390 1.549680233001709 17337
1576883715010 10.7002592086792 17376
1576883716443 7.224935531616211 17409
1576883717898 0.7386215329170227 17443
1576883719428 3.745826244354248 17477
1576883720833 1.2568142414093018 17508
1576883722211 2.452348470687866 17542
1576883723660 2.860964775085449 17574
1576883725154 2.883289337158203 17608
1576883726554 5.7129292488098145 17639
1576883727947 1.1301281452178955 17672
1576883729332 10.34315299987793 17704
1576883730725 0.8537158966064453 17738
1576883732102 3.479918956756592 17771
1576883733519 1.9463704824447632 17802
1576883734914 2.927476167678833 17835
1576883736397 4.222075939178467 17868
1576883737815 6.776854991912842 17900
1576883739426 2.5953052043914795 17939
1576883740966 1.1191481351852417 17973
1576883742441 1.7400810718536377 18007
1576883743808 4.4613037109375 18040
1576883745249 2.004287004470825 18072
1576883746639 0.8243011236190796 18104
1576883748029 1.8930306434631348 18136
1576883749533 3.055830717086792 18171
1576883750982 2.684093713760376 18205
1576883752438 1.483215093612671 18238
1576883753946 4.145782947540283 18274
1576883755359 1.0736440420150757 18308
1576883756804 1.1669617891311646 18344
1576883758305 3.286372661590576 18376
1576883759755 6.871544361114502 18411
1576883761174 0.7517443299293518 18444
1576883762702 3.2213032245635986 18480
1576883764225 2.4314863681793213 18515
1576883765764 1.0123122930526733 18550
1576883767387 1.3967413902282715 18588
1576883769003 2.8590710163116455 18625
1576883770416 3.445828914642334 18660
1576883771940 5.325338363647461 18696
1576883773555 6.206933498382568 18735
1576883775171 2.66805362701416 18775
1576883776702 0.8144769668579102 18808
1576883778212 5.381345272064209 18843
1576883779507 5.223537445068359 18872
1576883781045 2.426727771759033 18912
1576883782643 1.425689935684204 18951
1576883784276 2.5757150650024414 18991
1576883784712 0.0013026936212554574 18992
1576883786132 5.313456058502197 19032
1576883786599 0.04933565482497215 19034
1576883787739 2.5308046340942383 19067
1576883789202 2.0210683345794678 19100
1576883790759 5.07441520690918 19134
1576883792244 6.096691131591797 19168
1576883793589 2.592034339904785 19197
1576883794961 1.348442554473877 19228
1576883796302 2.4897027015686035 19258
1576883797871 18.656911849975586 19296
1576883799213 3.1696202754974365 19324
1576883800657 1.6134834289550781 19359
1576883802397 5.673279762268066 19399
1576883803708 1.3016670942306519 19429
1576883805253 15.205872535705566 19465
1576883806596 2.6912119388580322 19496
1576883808184 2.7394421100616455 19536
1576883808612 2.2220787286642008e-05 19537
1576883809726 4.527800559997559 19567
1576883811102 4.255965232849121 19598
1576883812551 2.0077691078186035 19632
1576883813935 1.52186119556427 19665
1576883815385 0.492263525724411 19699
1576883816798 2.149383306503296 19730
1576883818184 2.1454570293426514 19763
1576883819658 3.137942314147949 19798
1576883821073 1.0917264223098755 19830
1576883822527 2.941882848739624 19866
1576883824089 5.011226654052734 19901
1576883825505 1.0741031169891357 19934
1576883826918 1.4071837663650513 19964
1576883828422 5.5817694664001465 20003
1576883829943 2.096440076828003 20036
1576883831352 1.3660448789596558 20066
1576883832820 1.3668911457061768 20099
1576883834364 2.2241854667663574 20137
1576883835826 5.175858497619629 20170
1576883837434 1.9472136497497559 20207
1576883838894 2.395561933517456 20240
1576883840245 7.514491081237793 20271
1576883841844 1.8964238166809082 20311
1576883842548 0.9278397560119629 20325
1576883843736 3.738476037979126 20358
1576883845310 5.723553657531738 20397
1576883846903 2.258777618408203 20437
1576883848448 2.1302835941314697 20472
1576883849994 2.4681756496429443 20508
1576883851511 3.71492338180542 20546
1576883852928 2.055436611175537 20580
1576883854319 2.1574172973632812 20613
1576883855831 1.5830867290496826 20648
1576883857359 4.261276721954346 20682
1576883858813 2.762765884399414 20715
1576883860358 4.4793925285339355 20754
1576883861773 3.9376015663146973 20782
1576883863144 2.4429006576538086 20814
1576883864593 3.556321382522583 20848
1576883866271 3.092214345932007 20887
1576883867784 3.2390403747558594 20923
1576883869394 2.264265775680542 20959
1576883870848 1.7604166269302368 20990
1576883872347 2.510455846786499 21028
1576883873711 0.9764525890350342 21059
1576883875076 2.7410964965820312 21090
1576883876427 1.9731165170669556 21121
1576883878109 5.5363006591796875 21161
1576883878567 0.03089148923754692 21163
1576883879702 1.3255176544189453 21195
1576883881210 0.729353666305542 21229
1576883882610 1.6644737720489502 21264
1576883884199 1.3477509021759033 21304
1576883884814 0.03640153631567955 21311
1576883886061 1.9504340887069702 21344
1576883887431 11.355143547058105 21372
1576883888754 1.8482692241668701 21404
1576883890242 2.629269599914551 21437
1576883891675 7.369236469268799 21471
1576883893213 12.469313621520996 21510
1576883894780 4.408880710601807 21545
1576883896360 19.82676124572754 21580
1576883897928 9.317713737487793 21615
1576883899490 3.405381679534912 21651
1576883900992 1.342137098312378 21687
1576883902376 1.2167373895645142 21718
1576883903940 1.2808213233947754 21754
1576883905368 1.8487801551818848 21789
1576883906843 2.4894797801971436 21823
1576883908245 3.009667158126831 21856
1576883909584 21.00284194946289 21884
1576883911061 2.0482335090637207 21918
1576883912482 1.6326372623443604 21950
1576883913969 2.663480520248413 21982
1576883915355 2.5818088054656982 22013
1576883916834 2.711430072784424 22048
1576883918416 4.204860687255859 22084
1576883919957 1.1426600217819214 22120
1576883921510 13.531323432922363 22158
1576883923108 5.5248589515686035 22196
1576883924718 2.4506776332855225 22231
1576883926150 2.44327974319458 22263
1576883927705 9.584444046020508 22298
1576883929241 3.1443164348602295 22335
1576883930904 7.628873348236084 22372
1576883932321 2.8107833862304688 22405
1576883933895 12.48580551147461 22445
1576883934376 0.0014092035125941038 22446
1576883935633 4.392605781555176 22478
1576883937026 2.0375895500183105 22513
1576883938385 2.6589062213897705 22546
1576883939855 2.759202003479004 22581
1576883941449 4.3418354988098145 22621
1576883941923 0.20204617083072662 22623
1576883943303 3.0445239543914795 22661
1576883944886 2.857285499572754 22698
1576883946531 1.1246453523635864 22736
1576883948139 2.9960505962371826 22775
1576883949696 1.4134939908981323 22812
1576883951211 1.8197208642959595 22849
1576883952622 1.4755303859710693 22882
1576883954204 14.451623916625977 22919
1576883955788 1.1518962383270264 22957
1576883957374 2.5812458992004395 22991
1576883958934 2.3389976024627686 23026
1576883960442 3.5091030597686768 23060
1576883961979 1.6985819339752197 23093
1576883963495 2.5845651626586914 23127
1576883965119 19.81984519958496 23167
1576883966538 1.9742497205734253 23197
1576883968006 0.9368885159492493 23231
1576883969626 3.676499128341675 23268
1576883971188 1.0187749862670898 23308
1576883971647 0.005897988565266132 23310
1576883973037 2.218707799911499 23350
1576883973544 0.2416057586669922 23354
1576883974984 1.4409621953964233 23394
1576883975506 0.08772933483123779 23398
1576883976914 4.385274887084961 23436
1576883978445 4.922156810760498 23471
1576883979983 1.7478547096252441 23511
1576883980578 0.13851940631866455 23519
1576883981947 2.1847355365753174 23557
1576883983540 5.54142427444458 23593
1576883985021 2.6940431594848633 23628
1576883986576 3.177211284637451 23667
1576883988236 8.10280990600586 23706
1576883989768 11.920489311218262 23746
1576883990376 0.20193088054656982 23754
1576883991740 1.5768630504608154 23794
1576883992206 0.09864931553602219 23796
1576883993610 9.113643646240234 23835
1576883995143 3.388991117477417 23873
1576883996743 1.2025293111801147 23910
1576883998210 2.804199457168579 23943
1576883999805 1.8557077646255493 23983
1576884000297 0.03364749252796173 23986
1576884001640 2.5914885997772217 24026
1576884002649 1.2135626077651978 24066
1576884003514 0.06731314212083817 24106
1576884004445 0.208467498421669 24146
1576884005340 0.3827439248561859 24186
1576884006234 0.5661175847053528 24226
1576884007111 0.7585790753364563 24266
1576884008053 0.543998658657074 24306
1576884008728 6.050466060638428 24325
1576884010049 4.638644695281982 24356
1576884011627 1.3371169567108154 24392
1576884013030 4.7757887840271 24423
1576884014581 1.6294020414352417 24457
1576884016079 2.354033946990967 24494
1576884017522 5.262332439422607 24527
1576884019054 6.204216003417969 24567
1576884019660 0.7831035852432251 24575
1576884020899 2.9351162910461426 24611
1576884022362 1.9821799993515015 24645
1576884023884 1.09675133228302 24678
1576884025387 4.260903358459473 24712
1576884026849 1.8428001403808594 24747
1576884028383 2.1450493335723877 24783
1576884029829 3.450448989868164 24816
1576884031274 7.706491470336914 24847
1576884032737 2.2756690979003906 24884
1576884034300 2.6678433418273926 24922
1576884035808 1.1243581771850586 24956
1576884037299 2.7412493228912354 24991
1576884038859 4.6811747550964355 25026
1576884040539 11.13068675994873 25066
1576884041089 0.0007189924945123494 25071
1576884042356 1.3139718770980835 25104
1576884043780 3.417407512664795 25137
1576884045313 3.3792572021484375 25172
1576884046778 2.1555793285369873 25203
1576884048169 3.346989631652832 25235
1576884049657 1.798993706703186 25272
1576884051319 1.4643714427947998 25308
1576884052832 1.0251497030258179 25340
1576884054383 4.490462303161621 25378
1576884055989 6.228402137756348 25416
1576884057633 1.8854484558105469 25456
1576884059257 5.84132719039917 25494
1576884060866 1.5672974586486816 25534
1576884062297 2.7615344524383545 25567
1576884063902 7.507021903991699 25607
1576884065448 1.602096438407898 25647
1576884065885 0.019322367385029793 25648
1576884067316 6.851101398468018 25688
1576884067841 0.1432727724313736 25692
1576884069091 3.5247740745544434 25724
1576884070631 7.4019389152526855 25763
1576884072185 3.40522837638855 25797
1576884073616 7.572926998138428 25828
1576884075103 3.681978940963745 25862
1576884076790 5.589327335357666 25902
1576884078273 2.4575092792510986 25936
1576884079887 17.074657440185547 25976
1576884080628 4.855701923370361 25994
1576884082070 3.8772659301757812 26032
1576884083468 13.371492385864258 26063
1576884085127 5.579831600189209 26103
1576884086784 1.5557434558868408 26143
1576884087360 0.16363444924354553 26149
1576884088603 3.415296792984009 26184
1576884090143 3.431267261505127 26222
1576884091741 1.7917728424072266 26261
1576884093316 3.8619086742401123 26297
1576884094833 1.1778638362884521 26334
1576884096365 3.169093608856201 26367
1576884098048 4.458926200866699 26407
1576884098659 1.0355033874511719 26414
1576884100035 3.940772533416748 26454
1576884100766 1.7482030391693115 26469
1576884102178 3.6051809787750244 26509
1576884102669 0.06792570650577545 26512
1576884104063 6.458941459655762 26552
1576884104621 0.04864577203989029 26557
1576884105930 1.9550632238388062 26597
1576884106447 0.17096202075481415 26600
1576884107718 7.045393943786621 26637
1576884109361 3.491184949874878 26677
1576884109795 0.08099262416362762 26678
1576884111000 2.167229652404785 26710
1576884112427 1.9367225170135498 26744
1576884113879 3.038144111633301 26778
1576884115475 1.804015040397644 26813
1576884117031 2.515270948410034 26851
1576884118656 3.619753360748291 26891
1576884119415 1.7460579872131348 26910
1576884120841 1.9245288372039795 26945
1576884122384 1.4433205127716064 26980
1576884124085 2.050884962081909 27020
1576884124693 0.24146203696727753 27028
1576884126063 4.329736709594727 27067
1576884127645 3.0223634243011475 27101
1576884129151 2.539146900177002 27136
1576884130593 2.836987018585205 27169
1576884132145 3.736879825592041 27206
1576884133815 1.205014705657959 27246
1576884134262 0.11706291139125824 27247
1576884135407 3.3163483142852783 27278
1576884136767 9.276238441467285 27309
1576884138043 2.8223750591278076 27337
1576884139428 1.3750462532043457 27371
1576884140983 2.4407339096069336 27407
1576884142536 4.638556480407715 27445
1576884144027 1.9530524015426636 27479
1576884145504 1.5750718116760254 27514
1576884147026 2.719292163848877 27546
1576884148630 8.440386772155762 27584
1576884150206 11.361572265625 27624
1576884151861 10.794584274291992 27663
1576884153473 2.755169153213501 27703
1576884153971 0.22671891748905182 27707
1576884155337 7.892757415771484 27745
1576884156887 1.2967653274536133 27781
1576884158457 1.8851221799850464 27819
1576884159929 11.328947067260742 27852
1576884161460 2.859889030456543 27889
1576884162831 14.70363998413086 27918
1576884164401 4.504941940307617 27957
1576884165905 2.9195473194122314 27990
1576884167465 2.8925554752349854 28030
1576884167914 0.0008534418302588165 28031
1576884169163 2.4706976413726807 28067
1576884170773 7.365987777709961 28107
1576884171318 0.16202233731746674 28113
1576884172724 8.83270263671875 28153
1576884173271 0.03266317769885063 28158
1576884174509 4.8055267333984375 28191
1576884176165 2.0099258422851562 28228
1576884177797 5.176827430725098 28264
1576884179272 1.3758251667022705 28300
1576884180900 1.985598087310791 28336
1576884182348 5.660084247589111 28367
1576884183775 4.666352272033691 28398
1576884185242 1.761325716972351 28430
1576884186722 7.331050395965576 28466
1576884188298 1.211267352104187 28502
1576884189915 2.2554290294647217 28541
1576884191458 5.247194290161133 28575
1576884192948 3.412043333053589 28606
1576884194441 1.8884003162384033 28640
1576884196002 3.663982629776001 28680
1576884197528 0.9961447715759277 28718
1576884198994 9.689116477966309 28755
1576884200557 4.004341125488281 28790
1576884202222 1.433476448059082 28830
1576884202711 0.026554152369499207 28833
1576884203965 3.015780448913574 28869
1576884205547 2.589076042175293 28909
1576884206190 1.1151444911956787 28919
1576884207542 2.5853431224823 28956
1576884209035 2.86987566947937 28991
1576884210667 7.337074279785156 29031
1576884211118 0.03551069274544716 29032
1576884212330 1.7669708728790283 29066
1576884214015 5.985949993133545 29106
1576884214480 0.008287915028631687 29107
1576884215656 12.88936710357666 29138
1576884217129 3.939817428588867 29172
1576884218500 7.647863864898682 29203
1576884220109 5.97745418548584 29243
1576884220600 0.17285992205142975 29246
1576884221905 5.383333206176758 29280
1576884223466 13.000249862670898 29316
1576884225037 13.395207405090332 29352
1576884226674 2.735661268234253 29391
1576884228146 1.6049209833145142 29425
1576884229525 2.4685122966766357 29456
1576884231045 2.3992116451263428 29489
1576884232488 1.6700820922851562 29524
1576884234119 8.44379997253418 29564
1576884234570 0.0023847674019634724 29566
1576884235879 2.888306140899658 29600
1576884237486 9.873078346252441 29640
1576884238109 0.2536560297012329 29648
1576884239426 3.8686723709106445 29682
1576884240935 3.454280376434326 29715
1576884242479 1.6499966382980347 29751
1576884243926 5.120192527770996 29786
1576884245410 2.909600019454956 29820
1576884247009 2.9538755416870117 29856
1576884248592 3.054224729537964 29893
1576884250199 7.791380405426025 29933
1576884250690 0.03696562722325325 29936
1576884251944 1.6749368906021118 29975
1576884253663 5.622190952301025 30015
1576884254230 0.20040428638458252 30020
1576884255586 2.8321380615234375 30060
1576884256055 0.03244892507791519 30062
1576884257359 3.7645819187164307 30096
1576884258909 3.883383274078369 30132
1576884260406 5.458451747894287 30166
1576884261933 1.6070815324783325 30202
1576884263360 2.563159227371216 30236
1576884264804 1.2099637985229492 30268
1576884266275 1.0445072650909424 30302
1576884267833 4.460237979888916 30337
1576884269429 5.235156059265137 30377
1576884269965 0.007887615822255611 30381
1576884271161 1.0225874185562134 30412
1576884272776 1.4108165502548218 30452
1576884273370 0.25004342198371887 30458
1576884274779 4.368844985961914 30498
1576884275336 0.17994791269302368 30503
1576884276604 4.220423221588135 30535
1576884278188 3.227144956588745 30572
1576884279774 21.27573013305664 30607
1576884281338 2.3152377605438232 30643
1576884282972 2.058258533477783 30682
1576884284543 7.150939464569092 30719
1576884286197 4.692943572998047 30759
1576884286787 0.567585825920105 30765
1576884288084 2.4220261573791504 30801
1576884289767 4.212602138519287 30841
1576884291428 3.1778602600097656 30881
1576884292948 1.031482219696045 30912
1576884294542 2.319464921951294 30951
1576884296174 2.5582079887390137 30991
1576884296658 0.09809131920337677 30993
1576884298031 2.4823708534240723 31031
1576884299628 1.1418592929840088 31071
1576884300291 0.3729468286037445 31080
1576884301724 6.807944297790527 31119
1576884303263 2.072665214538574 31153
1576884304866 3.365772008895874 31193
1576884306531 2.7644619941711426 31232
1576884308173 1.4829771518707275 31272
1576884308600 0.04350478574633598 31273
1576884309874 1.8980244398117065 31306
1576884311558 7.917197227478027 31341
1576884313233 1.384596824645996 31379
1576884314916 5.121169090270996 31416
1576884316569 5.596928596496582 31456
1576884318317 15.422792434692383 31496
1576884318810 0.15880224108695984 31498
1576884320157 18.03879737854004 31538
1576884320696 0.32232898473739624 31542
1576884322087 8.424519538879395 31580
1576884323709 3.329597234725952 31620
1576884324146 0.07289767265319824 31621
1576884325617 3.8596725463867188 31661
1576884326196 0.11474772542715073 31666
1576884327554 7.972336292266846 31703
1576884329124 1.589685320854187 31743
1576884329649 0.10376302897930145 31746
1576884331011 4.393260955810547 31783
1576884332672 2.6114706993103027 31823
1576884334340 4.548570156097412 31863
1576884334845 0.5114947557449341 31868
1576884336251 4.160605430603027 31908
1576884337834 5.410946846008301 31948
1576884338445 0.2573769986629486 31956
1576884339759 5.390599727630615 31995
1576884341314 1.8725494146347046 32033
1576884342996 4.961219310760498 32073
1576884343419 0.09802407771348953 32074
1576884344846 11.4598388671875 32114
1576884345336 0.2655276358127594 32116
1576884346597 4.634232997894287 32151
1576884348252 1.661685824394226 32190
1576884349904 5.845881462097168 32230
1576884350429 0.028578002005815506 32234
1576884351831 9.615377426147461 32274
1576884352440 0.10865136981010437 32281
1576884353788 4.76007604598999 32318
1576884355422 7.162478923797607 32358
1576884356054 1.183016061782837 32367
1576884357320 3.042889356613159 32399
1576884358899 7.64456844329834 32439
1576884359483 0.06619887799024582 32446
1576884360914 5.993765830993652 32486
1576884361384 0.1204412430524826 32488
1576884362692 24.668254852294922 32524
1576884364218 5.369133472442627 32561
1576884365836 3.024074077606201 32601
1576884366386 0.2138102650642395 32607
1576884367720 2.2079014778137207 32641
1576884369294 2.8056843280792236 32680
1576884370835 4.805887699127197 32717
1576884372381 2.5631675720214844 32755
1576884373969 4.369191646575928 32795
1576884374497 0.14075146615505219 32800
1576884375818 3.476811647415161 32837
1576884377326 1.6879909038543701 32872
1576884378793 0.9668081998825073 32903
1576884380389 8.688443183898926 32943
1576884381044 1.7349224090576172 32954
1576884382309 2.3095803260803223 32988
1576884383939 2.598027467727661 33024
1576884385556 3.7167747020721436 33064
1576884386165 0.5700979232788086 33070
1576884387502 10.878488540649414 33104
1576884389005 7.118396282196045 33137
1576884390546 3.377462387084961 33172
1576884392063 5.384531021118164 33212
1576884392529 0.04657508432865143 33214
1576884393809 2.2956202030181885 33249
1576884395389 2.251957654953003 33283
1576884396864 1.6991772651672363 33317
1576884398473 3.1233887672424316 33355
1576884400073 6.496861457824707 33395
1576884400532 3.46522283507511e-05 33396
1576884401779 2.895427942276001 33430
1576884403391 1.3452162742614746 33470
1576884404992 6.176371097564697 33508
1576884406564 4.747920036315918 33547
1576884408155 8.33754825592041 33587
1576884408695 0.5499833822250366 33592
1576884410125 1.8384544849395752 33632
1576884410716 0.7259613275527954 33639
1576884412088 1.5680755376815796 33679
1576884413783 1.4931678771972656 33719
1576884414246 0.07736173272132874 33720
1576884415554 3.209867238998413 33760
1576884415984 0.11782737821340561 33761
1576884417294 7.360129356384277 33799
1576884418917 1.8229742050170898 33836
1576884420436 7.733456611633301 33871
1576884422025 2.7017698287963867 33909
1576884423608 1.7916861772537231 33947
1576884425349 1.957608938217163 33987
1576884425883 0.17207065224647522 33992
1576884427257 6.23578405380249 34032
1576884427700 0.13383425772190094 34033
1576884429103 3.2544021606445312 34073
1576884430664 2.9131927490234375 34106
1576884432252 2.7700741291046143 34141
1576884433735 3.461012840270996 34174
1576884435134 2.8931713104248047 34207
1576884436611 2.498060941696167 34240
1576884438054 10.254761695861816 34276
1576884439683 11.323296546936035 34313
1576884441219 3.055135488510132 34351
1576884442709 1.3897868394851685 34388
1576884444347 3.006963014602661 34428
1576884446015 1.6169261932373047 34466
1576884447675 3.3274784088134766 34506
1576884448114 0.1511017084121704 34507
1576884449492 4.754601001739502 34546
1576884450906 7.288185119628906 34578
1576884452354 7.349963665008545 34610
1576884453850 4.18315315246582 34646
1576884455211 17.25325584411621 34675
1576884456643 3.799077033996582 34706
1576884458209 2.9500088691711426 34741
1576884459735 2.1956028938293457 34774
1576884461241 4.593952178955078 34806
1576884462751 7.359917640686035 34840
1576884464260 11.97750473022461 34876
1576884465754 1.7458367347717285 34910
1576884467374 9.5194673538208 34947
1576884469010 5.41544771194458 34987
1576884469489 0.08287779986858368 34989
1576884470671 5.239762783050537 35021
1576884472168 3.184319257736206 35053
1576884473669 1.2661370038986206 35089
1576884475238 3.7998571395874023 35126
1576884476793 1.8398516178131104 35161
1576884478455 1.7714024782180786 35201
1576884478931 0.2745910584926605 35203
1576884480266 2.85794734954834 35243
1576884480726 0.01480801496654749 35245
1576884481957 4.5380706787109375 35280
