1576884484363 0.010451530957401827 0
1576884485754 0.03846812303333233 1
1576884487061 0.05031522190005615 2
1576884488517 0.08401374134700745 3
1576884490005 0.1183702770519901 4
1576884491340 0.1345743033392676 5
1576884492752 0.15394538684802897 6
1576884494163 0.18050755630247295 7
1576884495478 0.2570223993268506 8
1576884496716 0.23954822398998118 9
1576884498157 0.2786130568673534 10
1576884499608 0.3249125067264803 11
1576884501260 0.29717779280366124 12
1576884502772 0.3448914410546422 13
1576884504294 0.3937665428966284 14
1576884505581 0.48237478520189014 15
1576884506898 0.4459489077329636 16
1576884508311 0.42910624453515717 17
1576884509862 0.5018197934369784 18
1576884511395 0.45347481625420705 19
1576884512673 0.6050871640443802 20
1576884514052 0.6517088201738173 21
1576884515291 0.7158745442117963 22
1576884516839 0.7192366470893224 23
1576884518135 0.8102406816823142 24
1576884519408 0.7539677732977373 25
1576884520862 0.7689806367411758 26
1576884522290 0.8227660121286616 27
1576884523684 0.898039988676707 28
1576884525031 1.0028329233328501 29
1576884526466 0.9360452754931017 30
1576884527732 1.0806399988276618 31
1576884529007 1.2960380805390221 32
1576884530400 1.1299639241448765 33
1576884531918 1.0568166238921028 34
1576884533142 1.2493519697870528 35
1576884534540 1.3441737947925445 36
1576884536110 1.2497839347312325 37
1576884537791 1.1257099524140357 38
1576884539219 1.4747699797153473 39
1576884540657 1.4970459414250923 40
1576884542173 1.4654975501266685 41
1576884543514 1.6537524983286858 42
1576884545077 1.539743334054947 43
1576884546386 1.8142169302907483 44
1576884547700 1.8988194108009337 45
1576884548972 1.7695311636760318 46
1576884550226 2.0695636149110466 47
1576884551672 2.1022556807313646 48
1576884553364 2.0070365965366364 49
1576884554889 2.102916330099106 50
1576884556397 2.111397074801581 51
1576884557645 2.1948333007318004 52
1576884558895 2.2729579121978194 53
1576884560689 1.9315662483374278 54
1576884562117 2.1100512402398244 55
1576884563652 2.2396299021584647 56
1576884565055 2.29945788075847 57
1576884566348 2.622268651212965 58
1576884567777 2.4251827746629715 59
1576884569058 2.531322898535893 60
1576884570470 2.3945796340703964 61
1576884571874 2.4778297767043114 62
1576884573253 2.3814493340830647 63
1576884574575 2.5360599032470157 64
1576884575901 2.4852003023542206 65
1576884577419 2.35135917365551 66
1576884578839 2.40823919698596 67
1576884580214 2.3742125265059935 68
1576884581725 2.196520846230643 69
1576884583118 2.3691349282409204 70
1576884584518 2.237081941217184 71
1576884586054 2.324754900402493 72
1576884587882 2.285522114939806 73
1576884589210 2.288607116256441 74
1576884590506 2.3884194596060393 75
1576884591822 2.531845156635557 76
1576884593215 2.1634905838197276 77
1576884594556 2.4329974158056853 78
1576884595970 2.3023556926671196 79
1576884597300 2.4272970783299415 80
1576884598630 2.18491948445638 81
1576884599902 2.488167392356055 82
1576884601332 2.4849747213824043 83
1576884602789 2.346916513009505 84
1576884604189 2.3434085885683698 85
1576884605551 2.231560153345908 86
1576884607062 1.9044565790229373 87
1576884608282 2.264546619521247 88
1576884609718 2.104867769825843 89
1576884611028 2.1699478357068953 90
1576884612546 2.2171855081211436 91
1576884613915 2.2734539031982424 92
1576884615277 2.0267769061028957 93
1576884616729 2.168186366558075 94
1576884618673 1.9565395531447038 95
1576884620118 2.368671347113217 96
1576884621521 2.272572461764018 97
1576884623289 1.6736584663391114 98
1576884624602 2.3311258341584886 99
1576884625885 2.2833483712426546 100
1576884627197 2.127728059374053 101
1576884628728 2.1865041220889374 102
1576884630305 1.9201359401146572 103
1576884631778 1.962506424296986 104
1576884633202 1.9759856146924637 105
1576884634794 1.9359633144405153 106
1576884636302 2.240874491419111 107
1576884637817 2.219680825869242 108
1576884639171 2.3614330887794495 109
1576884640517 2.4223327807017734 110
1576884641779 2.4610065756172967 111
1576884643023 2.50134607723781 112
1576884644338 2.5087830083710805 113
1576884645698 2.4482930652026473 114
1576884646984 2.482103364220981 115
1576884648205 2.555935162085074 116
1576884649470 2.4811948758584483 117
1576884651025 2.353388105119978 118
1576884652351 2.393376354660307 119
1576884653752 2.2478584752363315 120
1576884655196 2.0734881665557623 121
1576884656498 2.327249505690166 122
1576884657925 2.0272777426627373 123
1576884659333 1.9902435913681984 124
1576884660722 2.0574068687856197 125
1576884662033 2.256225808461507 126
1576884663348 2.10991920874669 127
1576884664830 2.120217230170965 128
1576884666412 2.079872088299857 129
1576884667926 1.9796169168419309 130
1576884669602 1.9012299103614612 131
1576884670879 2.2653414479323795 132
1576884672243 2.2171112145147016 133
1576884673656 2.3243586818377175 134
1576884675237 2.111757466667577 135
1576884676799 1.9614274672099523 136
1576884678218 2.2769763787587483 137
1576884679732 2.0705445732389176 138
1576884681085 2.4180042209296393 139
1576884682623 2.1891420914067163 140
1576884683965 2.2421966711680095 141
1576884685308 2.1157275476763324 142
1576884686505 2.3884684305924635 143
1576884687820 2.4032103759901866 144
1576884689108 2.2153266796043942 145
1576884690614 2.2275330788559384 146
1576884692030 2.259635426781394 147
1576884693476 2.2649337992523657 148
1576884694792 2.193518261114756 149
1576884696253 2.315118793398142 150
1576884697540 2.217120178814592 151
1576884698902 1.9829187870025635 152
1576884700267 2.203812738944744 153
1576884701667 2.3004900097846983 154
1576884702901 2.419864199779652 155
1576884704859 1.6491682918175408 156
1576884706195 2.2295255784330696 157
1576884707496 2.1529554767268047 158
1576884708818 2.0812808062349046 159
1576884710086 2.3156984779569836 160
1576884711563 2.106651959997235 161
1576884713008 1.9920339584350586 162
1576884714490 2.054999183205997 163
1576884716009 2.0991012255350747 164
1576884717463 1.9736712539897245 165
1576884718760 2.1029098590215045 166
1576884720130 2.153301642787072 167
1576884721563 2.1085515220959983 168
1576884723021 1.8508192388450397 169
1576884724337 2.022430423895518 170
1576884725676 2.0258123052531274 171
1576884727028 2.3307302036593036 172
1576884728409 2.115367599328359 173
1576884730236 1.767204768600918 174
1576884731661 2.3172970702571254 175
1576884733117 2.320846112569173 176
1576884734427 2.3629322392599925 177
1576884735735 2.460092212472643 178
1576884737091 2.1953364240712134 179
1576884738604 2.204614798227946 180
1576884740428 1.9847195595502853 181
1576884741868 2.327543358648977 182
1576884743455 1.8597270846366882 183
1576884744915 2.2945525961763718 184
1576884746308 2.2578064799308777 185
1576884747739 2.2818146646022797 186
1576884749041 2.3988825423376903 187
1576884750624 2.183023830822536 188
1576884752065 2.0385270136244156 189
1576884753488 2.3157167780783867 190
1576884754843 2.4441001137097675 191
1576884756267 2.4345417817433677 192
1576884757730 2.2978114262223244 193
1576884759181 2.3008921074144766 194
1576884760580 2.4807447751363116 195
1576884762165 2.0943225688404508 196
1576884763500 2.405341653029124 197
1576884764802 2.227999946166729 198
1576884766289 2.099466211868055 199
1576884767795 1.9991045151438032 200
1576884769199 2.3653126174005967 201
1576884770557 2.348590217787644 202
1576884771861 2.2520265068326677 203
1576884773130 2.4186323327677592 204
1576884774666 1.9503384181431362 205
1576884776009 2.1303103277760167 206
1576884777390 2.2902145961235307 207
1576884778815 2.2913766810388276 208
1576884780391 2.1947320266203447 209
1576884781747 2.247721856640231 210
1576884783060 2.162305816527336 211
1576884784393 2.367621351932657 212
1576884785768 2.1712090651194256 213
1576884787209 2.2177172462145487 214
1576884788590 2.6544094761212667 215
1576884790086 2.293871968984604 216
1576884791727 2.2159477359539754 217
1576884793041 2.4218632706574033 218
1576884794664 2.320470269988565 219
1576884795989 2.177919002374013 220
1576884797316 2.4826035658518473 221
1576884798781 2.3578362212036597 222
1576884800033 2.3765832627261125 223
1576884801384 2.391312993805984 224
1576884803633 2.0830029712782965 225
1576884805146 2.4126403831666514 226
1576884806415 2.356131019415679 227
1576884807689 2.2259206730743935 228
1576884809132 2.4264595893121537 229
1576884810402 2.4914098296846663 230
1576884812036 2.1890949075286454 231
1576884813391 2.4721118252852867 232
1576884814851 2.1283407753164116 233
1576884816176 2.3344619146415164 234
1576884817594 2.142195145289103 235
1576884819248 1.861156027657645 236
1576884820594 1.9796305418014526 237
1576884821854 1.981295055356519 238
1576884823432 1.9632039284094787 239
1576884825225 1.6678571788276113 240
1576884827196 1.7183988867922033 241
1576884828820 1.7325462416598671 242
1576884830265 2.020551641782125 243
1576884831623 2.138594788889731 244
1576884833025 2.086491323286487 245
1576884834373 2.0335683780057088 246
1576884835816 2.0536301289835284 247
1576884837308 1.9300875313141768 248
1576884838707 2.196007560039389 249
1576884840105 1.8726956139911304 250
1576884841430 2.1900700618480813 251
1576884842933 2.004171371459961 252
1576884844473 2.2002671115538655 253
1576884845849 2.1417480399531703 254
1576884847288 2.1316346160827147 255
1576884848508 2.4681224116572626 256
1576884850015 2.145505063674029 257
1576884851540 2.233303487300873 258
1576884853199 2.123238849012475 259
1576884854661 2.169388362855622 260
1576884856171 2.393418702212247 261
1576884857724 2.4641159579560563 262
1576884859035 2.4952804672306983 263
1576884860414 2.4285778443018597 264
1576884861781 2.438105758279562 265
1576884863448 2.3590178693595685 266
1576884864860 2.617114024777566 267
1576884866321 2.668080195784569 268
1576884867684 2.3774066471284434 269
1576884869259 2.3678092924324243 270
1576884870563 2.6039211708923866 271
1576884871971 2.5954142808914185 272
1576884873504 2.6745153897338443 273
1576884875044 2.3997011681397757 274
1576884876523 2.6881063715104134 275
1576884877830 2.828944309004422 276
1576884879059 2.9012954362801144 277
1576884880561 2.3617185284109676 278
1576884882019 2.485392961651087 279
1576884883406 2.265833504498005 280
1576884884912 2.5354456044733524 281
1576884886186 2.3630061873367856 282
1576884887807 2.2527011980613074 283
1576884889232 2.3916236646473408 284
1576884890783 2.056220354260625 285
1576884892293 2.0786574826096045 286
1576884893799 2.1715077294243708 287
1576884895143 2.3612495235034396 288
1576884896711 2.3646003348486766 289
1576884898158 2.326607600731008 290
1576884899562 2.275993250310421 291
1576884900941 2.4746934137036725 292
1576884902518 2.205008519662393 293
1576884904108 2.360706298691886 294
1576884905548 2.274669028097583 295
1576884907005 2.4467778466641903 296
1576884908388 2.3632911721865337 297
1576884909702 2.4476030407280756 298
1576884911105 2.422374200820923 299
1576884912506 2.385736808180809 300
1576884914026 2.3962479523250035 301
1576884915692 2.1478868973882577 302
1576884917074 2.402372849398646 303
1576884918474 2.3027440682053566 304
1576884920051 2.0129092545122713 305
1576884921684 2.361508962270376 306
1576884923100 2.5228600899378457 307
1576884924673 2.2284657568544954 308
1576884926164 2.4747819867399006 309
1576884927477 2.4470152020454408 310
1576884928875 2.4912888010342917 311
1576884930296 2.429140583161385 312
1576884931737 2.335687602719953 313
1576884933268 2.279659688472748 314
1576884934648 2.3589513507382622 315
1576884936193 2.184978331838335 316
1576884937539 2.3342700497857454 317
1576884938969 2.2557092681527138 318
1576884940339 1.953673218527148 319
1576884941736 2.16867039280553 320
1576884943247 2.0488802467073715 321
1576884944614 2.0712543514467057 322
1576884946041 2.295152110438193 323
1576884947567 2.2971173777724756 324
1576884948812 2.6986159439440125 325
1576884950321 2.477305090788639 326
1576884951933 2.086096134624983 327
1576884953438 2.347674373318167 328
1576884954855 2.42669233968181 329
1576884956338 2.1669061166398667 330
1576884957942 1.9291391827558215 331
1576884959423 1.9825980646269663 332
1576884960838 2.0741897066434225 333
1576884962160 2.3401198514870236 334
1576884963547 2.5258339335841518 335
1576884964852 2.4257338643074036 336
1576884966265 2.4697509657952095 337
1576884967592 2.6662431995073956 338
1576884969291 2.3620749840865263 339
1576884970938 2.3695751757998216 340
1576884972497 2.482353952952794 341
1576884973952 2.293413170996834 342
1576884975396 2.3145565563632595 343
1576884976724 2.286395183924971 344
1576884978270 2.5246887882550557 345
1576884979647 2.6172441840171814 346
1576884981201 2.279111153040177 347
1576884982777 2.393124416896275 348
1576884984247 2.7095491997897625 349
1576884985543 2.383775928190776 350
1576884986856 2.522380816084998 351
1576884988325 2.3367980141793527 352
1576884989863 2.311942606312888 353
1576884991840 2.1667943366549234 354
1576884993151 2.6333861158740137 355
1576884994647 2.3063257455825807 356
1576884996111 2.7177223712205887 357
1576884997783 2.4881659195973325 358
1576884999102 2.5849069891304803 359
1576885000452 2.6089311632616767 360
1576885001913 2.538831114768982 361
1576885003381 2.4869657196104527 362
1576885004848 2.2559364367933834 363
1576885006262 2.460112612694502 364
1576885007856 2.299618526867458 365
1576885009416 2.16958220799764 366
1576885011153 1.9497128248214721 367
1576885012640 2.6666998793097103 368
1576885013966 2.710528226693471 369
1576885015525 2.3019525800432477 370
1576885016988 2.5652936920523643 371
1576885018649 2.368214529913825 372
1576885020113 2.364819530517824 373
1576885021603 2.181772952570635 374
1576885023602 1.9136061900191836 375
1576885024914 2.256790880362193 376
1576885026394 2.4566200226545334 377
1576885027924 2.433495793272467 378
1576885029553 2.3948342222155947 379
1576885030975 2.540535043925047 380
1576885032371 2.4835537364988616 381
1576885033961 2.4158515439314 382
1576885035323 2.4761180467903614 383
1576885036890 2.823251403040356 384
1576885038315 2.692921507358551 385
1576885039707 2.778999600559473 386
1576885041051 2.6524055004119873 387
1576885042475 2.590457724802422 388
1576885043986 2.246395520261816 389
1576885045476 2.5519197955727577 390
1576885047086 2.533933040258047 391
1576885048502 2.8091393522918224 392
1576885049970 2.622219615122851 393
1576885051421 2.6020494507205103 394
1576885053183 2.3145561202978477 395
1576885054744 2.7223099364953884 396
1576885056321 2.4102206996509006 397
1576885057637 2.7152907313971686 398
1576885059132 2.7126775570213795 399
1576885060569 2.8595575615763664 400
1576885062008 2.4260779294100674 401
1576885063454 2.3881342504173517 402
1576885064976 2.4007416831122503 403
1576885066593 2.4232337474823 404
1576885068401 1.923173752569017 405
1576885069854 2.744689453393221 406
1576885071389 2.4199514525277275 407
1576885072937 2.6313137971993648 408
1576885074394 2.0518928919519697 409
1576885075704 2.1201607823371886 410
1576885077142 2.5744664892554283 411
1576885078739 1.9629431009292602 412
1576885080285 2.5054769479867183 413
1576885082197 2.173132407956007 414
1576885084296 1.8626852560043334 415
1576885085621 2.4559468754700253 416
1576885087038 2.3931340195915918 417
1576885088364 2.3643185669376003 418
1576885089957 1.9825531504093072 419
1576885091578 2.0061617719160543 420
1576885093102 2.091925224837135 421
1576885094445 2.3895918289820353 422
1576885095892 2.254902160936786 423
1576885097527 2.5331552898561633 424
1576885099022 2.374870397827842 425
1576885100745 2.21466255799318 426
1576885102369 2.466636451807889 427
1576885103704 2.6518640359242758 428
1576885105091 2.497313356399536 429
1576885106659 2.502389520406723 430
1576885108332 2.1336103845865297 431
1576885109883 2.217631275313241 432
1576885111426 2.254173401423863 433
1576885112844 2.5514051452759774 434
1576885114313 2.3572546857776064 435
1576885115683 2.4837166468302407 436
1576885117316 2.513466986588069 437
1576885118779 2.31133269387133 438
1576885120340 2.1041886602129254 439
1576885121817 2.51832873975077 440
1576885123274 2.556897128781965 441
1576885124752 2.5828598777453107 442
1576885126259 2.4414978460832075 443
1576885127593 2.4471392830212912 444
1576885129224 2.5611341612679617 445
1576885130777 2.4966864347457887 446
1576885132339 2.053444305532857 447
1576885134013 2.4542134635978274 448
1576885135559 2.3753267117909025 449
1576885137004 2.673567280624852 450
1576885138575 2.0601755851193477 451
1576885140066 2.5419343369347707 452
1576885141720 2.449099192252526 453
1576885143227 2.5470814771122403 454
1576885144667 2.415861660783941 455
1576885146201 2.229545944445842 456
1576885147775 2.609388936968411 457
1576885149261 2.3156550616929024 458
1576885150892 2.4534357915053495 459
1576885152410 2.2884581039349237 460
1576885153896 2.3650662032040684 461
1576885155403 2.3229460190324223 462
1576885156923 2.3289302438497543 463
1576885158489 2.547726301585927 464
1576885160031 2.53861780166626 465
1576885161491 2.190203126632806 466
1576885162917 2.574366231118479 467
1576885164249 2.3894365231196084 468
1576885165703 2.351964827739831 469
1576885167035 1.8956873375793983 470
1576885168492 2.240166111904032 471
1576885169922 1.9317687855047339 472
1576885171411 1.8329514301184453 473
1576885173007 1.9961636629369524 474
1576885174374 1.9899649918079376 475
1576885175903 1.8061791561745308 476
1576885177422 2.2031725934057524 477
1576885178985 1.91999970814761 478
1576885180421 2.09146705173677 479
1576885181888 2.3331125436290616 480
1576885183379 2.1143176134894874 481
1576885185242 2.073234991329472 482
1576885186764 2.778732117265463 483
1576885188218 2.833925797093299 484
1576885189876 2.370383138457934 485
1576885191265 2.780162064234416 486
1576885192708 2.49893569561743 487
1576885194092 2.101064994931221 488
1576885195519 2.261926487568886 489
1576885197159 2.4205340010779244 490
1576885198975 2.521981766819954 491
1576885200479 2.4094587456096304 492
1576885201967 2.1330378633556943 493
1576885203417 1.9585894457995892 494
1576885204876 1.8868696635419673 495
1576885206207 2.175114791968773 496
1576885207625 2.619071807180132 497
1576885209058 2.175471770763397 498
1576885210517 2.324965227034784 499
1576885211947 2.1319391330083213 500
1576885213776 1.9613022670149802 501
1576885215352 1.9764807883061861 502
1576885216828 1.9801626239504133 503
1576885218427 2.0729179813673624 504
1576885219792 2.1237545887629192 505
1576885221266 2.4314935347613167 506
1576885223050 2.1507724419236185 507
1576885224543 2.4976272835876 508
1576885225991 2.3519838506525215 509
1576885227341 2.5715977827707928 510
1576885228865 2.552234271594456 511
1576885230338 2.4448864459991455 512
1576885231595 2.773004240459866 513
1576885233239 2.4533451701465405 514
1576885234650 2.669882739743879 515
1576885236079 2.2991040457378733 516
1576885238018 1.8367453282294066 517
1576885239612 2.360423185323414 518
1576885241226 2.475664927771217 519
1576885242566 2.819808589560645 520
1576885243918 2.7836355258678567 521
1576885245356 2.7835391887596677 522
1576885246992 2.5156842534606523 523
1576885249245 2.052766058061804 524
1576885250652 2.5330760584158054 525
1576885252227 2.4575929707951016 526
1576885253710 2.506914546995452 527
1576885255682 1.8106538387055093 528
1576885257167 2.578637024935554 529
1576885258961 2.364732137322426 530
1576885260287 2.673595832240197 531
1576885261698 2.4362779394272835 532
1576885263254 2.39136156520328 533
1576885264889 2.4431096205585883 534
1576885266549 2.329991770418067 535
1576885268607 1.998273557672898 536
1576885269969 2.565712468964713 537
1576885271399 2.541229795664549 538
1576885272879 2.270361853763461 539
1576885274186 2.355490490794182 540
1576885275459 2.5362764724663327 541
1576885276752 2.306051824774061 542
1576885278130 2.122570689519246 543
1576885279404 2.5869874954223633 544
1576885280864 2.6785215485480522 545
1576885282255 2.254211453596751 546
1576885283745 2.276265505588416 547
1576885285266 2.059919369220734 548
1576885286548 2.351982100256558 549
1576885288076 1.7342866824732885 550
1576885289693 2.2398222208023073 551
1576885291099 1.9732736983606893 552
1576885292647 2.0928862813641045 553
1576885294138 2.236200292905172 554
1576885295640 2.0831423835320906 555
1576885297109 2.2935506484725257 556
1576885298526 2.1125220619142056 557
1576885300228 2.075192615792558 558
1576885301703 2.2943031857995426 559
1576885303217 1.8054903745651245 560
1576885304593 2.087826371192932 561
1576885306058 2.218235924388423 562
1576885307605 2.341705514703478 563
1576885309172 2.29310822837493 564
1576885310645 2.3206531554460526 565
1576885312075 2.543518626689911 566
1576885313538 2.6570359503521637 567
1576885315131 2.5147285904203143 568
1576885316578 2.5513303604992954 569
1576885318198 2.4491145657865623 570
1576885319655 2.710111014544964 571
1576885321094 2.535985635172936 572
1576885322667 2.3588465033350765 573
1576885324223 2.594547797651852 574
1576885325694 2.7226976878715283 575
1576885327271 2.3969992591488745 576
1576885328638 2.5726137449001443 577
1576885330111 2.2249612379819155 578
1576885331849 2.1490707252270136 579
1576885333372 2.345291621544782 580
1576885335297 1.5668036206202074 581
1576885336775 2.060889002048608 582
1576885338415 2.4170190965807117 583
1576885340004 2.445422509137322 584
1576885341591 2.3186481559977814 585
1576885343031 2.050358385809006 586
1576885344510 2.483934199810028 587
1576885345904 2.3306497890373756 588
1576885347425 2.4471598213369194 589
1576885348883 2.695249021053314 590
1576885350382 2.5576291264909687 591
1576885351804 2.883443301374262 592
1576885353332 2.401029970716028 593
1576885354874 2.371261065346854 594
1576885356360 2.6066728599609865 595
1576885357662 2.7640764360074646 596
1576885359137 2.559317599324619 597
1576885360777 2.141405143235859 598
1576885362261 2.274501341230729 599
1576885363860 2.718326851299831 600
1576885365320 2.206647463142872 601
1576885366858 2.573452840532575 602
1576885368271 2.5446226820349693 603
1576885369772 2.2516384056636265 604
1576885371243 2.7034546695649624 605
1576885372659 2.145811753347516 606
1576885374096 2.6090366654098034 607
1576885375699 2.095211871796184 608
1576885377135 2.343620148397261 609
1576885378590 2.4027612044893463 610
1576885380217 2.33923842778077 611
1576885381622 2.415521703660488 612
1576885383065 2.3119185864925385 613
1576885384574 2.3703015663407068 614
1576885386206 2.3679178408214026 615
1576885387734 2.09811511109857 616
1576885389003 2.4934430563891374 617
1576885390623 2.2035990374428884 618
1576885392180 2.286968627997807 619
1576885393687 2.4046433911179053 620
1576885395127 2.4615424796938896 621
1576885396651 2.3381121772708315 622
1576885398251 1.8643529425198968 623
1576885399754 2.1971210602558022 624
1576885401066 2.151403721036582 625
1576885402564 2.6545764592386063 626
1576885403854 2.675873956509999 627
1576885405508 2.3176414543076564 628
1576885407056 2.396603051353903 629
1576885408578 2.551015904455474 630
1576885410156 2.673598885536194 631
1576885411815 2.331124357487026 632
1576885413314 2.463052695288378 633
1576885414978 2.4120950730223405 634
1576885416480 2.365870935301627 635
1576885418077 2.4264882908147922 636
1576885419628 2.2160947288785664 637
1576885421040 2.233905363827944 638
1576885423263 1.3963209632451512 639
1576885424778 2.2611599290693127 640
1576885426158 2.266573069492976 641
1576885427685 2.4164146967232227 642
1576885429263 2.1802098933193417 643
1576885431093 1.791458257087847 644
1576885432681 2.46249725187526 645
1576885434183 2.0753186827196792 646
1576885435715 2.559659263065883 647
1576885437296 2.318173020226615 648
1576885438782 2.455650958147916 649
1576885440184 2.5976094603538513 650
1576885441716 2.352336367538997 651
1576885443075 2.566571948925654 652
1576885444573 2.4184470549225807 653
1576885446849 1.913277918541873 654
1576885448665 2.285608707404718 655
1576885450167 2.0587111370904103 656
1576885451810 2.2734858439518857 657
1576885453784 1.9968757502576138 658
1576885455356 2.438237997325691 659
1576885456828 2.785049731081182 660
1576885458138 2.7617811827824035 661
1576885459809 2.582869236667951 662
1576885461322 2.7985420612727894 663
1576885462827 2.329045091614579 664
1576885464691 2.604667080938816 665
1576885466164 2.640407950589151 666
1576885467656 2.6329720546217525 667
1576885469522 2.4635079706587444 668
1576885470958 2.4754222174485525 669
1576885472513 2.7735240591896906 670
1576885473986 2.614107184112072 671
1576885475486 2.241666745958906 672
1576885476901 2.6178998549779258 673
1576885478403 2.454116025939584 674
1576885479893 2.3450745344161987 675
1576885481894 2.1596585052708783 676
1576885483408 2.3914778530597687 677
1576885484863 2.710385407170942 678
1576885486530 2.5672608331630102 679
1576885488066 2.1054497493637934 680
1576885489578 2.5203234062475315 681
1576885491091 2.533095948623888 682
1576885492569 2.8055198228720464 683
1576885494190 2.460840097955755 684
1576885495708 2.489734086920233 685
1576885497062 2.5082866470019023 686
1576885498415 2.3892688176461627 687
1576885499833 2.8755820904459273 688
1576885501456 2.4085472145596065 689
1576885503093 2.1580644994974136 690
1576885504636 2.506036390577044 691
1576885506335 1.9941147711032476 692
1576885507776 2.801269792741345 693
1576885509296 2.2449287065437864 694
1576885510896 2.1452435817983417 695
1576885512367 2.258065398895379 696
1576885514295 2.1959042592746454 697
1576885515838 2.4512278069468105 698
1576885517383 2.0804853933198113 699
1576885518830 2.4468629917790814 700
1576885520423 2.1284422937192415 701
1576885521966 1.997101517059864 702
1576885523857 2.147670417297177 703
1576885525261 2.8466419061024983 704
1576885526821 2.644508583205087 705
1576885528282 2.7939039804041386 706
1576885529645 2.7669890132443657 707
1576885531242 2.416596937018472 708
1576885532809 3.0554836579731535 709
1576885534223 2.7670946456491947 710
1576885535792 2.5935855044258966 711
1576885537229 2.8889005854725838 712
1576885538775 2.620460107922554 713
1576885540251 2.8615163636930063 714
1576885541674 2.6559177060281076 715
1576885543131 2.433787292049777 716
1576885544629 2.3301317314891254 717
1576885546147 2.526081723325393 718
1576885547583 2.857206951826811 719
1576885549056 2.499099785631353 720
1576885550521 2.2296866293876403 721
1576885551951 2.279975677981521 722
1576885553490 2.23829060282026 723
1576885555323 1.5779081617550152 724
1576885556865 2.1964390223676507 725
1576885558475 2.50396797146116 726
1576885560035 2.4458410276307 727
1576885561636 2.5734083775211785 728
1576885563253 2.21387405492164 729
1576885564753 2.7075135093746763 730
1576885566360 2.6711890390941075 731
1576885567868 2.5639319978654385 732
1576885569357 2.4873689629814844 733
1576885570867 2.5648632988785254 734
1576885572480 2.3796804724512874 735
1576885574041 2.5174662777871797 736
1576885575538 2.770254325121641 737
1576885576949 2.1458001364679897 738
1576885578562 2.465270122966251 739
1576885580000 2.438922446785551 740
1576885581657 2.1914459815935086 741
1576885583193 2.7948134962250206 742
1576885584656 2.5195139069110155 743
1576885586071 2.1986692874662337 744
1576885587537 2.6365044514338174 745
1576885589142 2.51661639043263 746
1576885590820 2.0378285020981965 747
1576885592364 2.2918472145542954 748
1576885593767 2.5950157682100934 749
1576885595289 2.3450627624988556 750
1576885596788 2.5854271445423365 751
1576885598773 2.239503475815751 752
1576885600207 1.985093884402886 753
1576885601763 2.21538952759334 754
1576885603276 2.69054809738608 755
1576885605174 1.803540860944324 756
1576885606684 2.6560814278466363 757
1576885608180 2.893711480227384 758
1576885609500 2.744710741371944 759
1576885611327 2.4483268552048263 760
1576885612786 2.7484982647001743 761
1576885614775 1.973146344224612 762
1576885616157 2.6501904456846175 763
1576885617684 2.4046674813543047 764
1576885619309 2.735731952530997 765
1576885621231 2.4221931540153245 766
1576885622722 3.0328169885803673 767
1576885624369 2.5334742512021746 768
1576885626040 2.8675677023435893 769
1576885627469 2.666637305290468 770
1576885628856 2.9308881990371214 771
1576885630830 2.2166872812641993 772
1576885632288 3.22193919843243 773
1576885633681 3.167989992326306 774
1576885635277 2.90712866638646 775
1576885636821 2.665112360886165 776
1576885638294 2.935093240812421 777
1576885639795 2.540618397295475 778
1576885641481 2.1754884696320484 779
1576885642996 2.341621467295815 780
1576885644461 2.5723471026266775 781
1576885646078 2.6529659225660214 782
1576885647615 2.4595707391991333 783
1576885649089 2.5807386847103344 784
1576885650650 2.5106959870883396 785
1576885652133 2.099459062330425 786
1576885653692 2.719382139944261 787
1576885655115 2.2754037014899717 788
1576885656630 2.517605275818796 789
1576885658195 2.142219131643122 790
1576885659639 2.225699606266889 791
1576885661043 2.8628943274098058 792
1576885662451 2.8723018900040658 793
1576885664144 2.697403324616922 794
1576885665796 2.6304599240019515 795
1576885667908 2.0787102000893287 796
1576885669394 2.422553525652204 797
1576885671059 2.513695010462323 798
1576885672988 2.499134897458844 799
1576885674426 2.8257128726691008 800
1576885676090 2.7040746425971007 801
1576885677659 2.8196384736469815 802
1576885679183 2.4603873438694897 803
1576885680605 2.7582458719130485 804
1576885682068 2.575278878211975 805
1576885683634 2.632279576624141 806
1576885685300 2.527430479590957 807
1576885686751 2.8826445738474527 808
1576885688120 2.5816651781400046 809
1576885689541 2.468869157632192 810
1576885691288 2.7554282594371484 811
1576885692745 2.7472200356423855 812
1576885694272 2.6904344111680984 813
1576885695827 2.48714687426885 814
1576885697352 2.8679575903075083 815
1576885698810 2.703784301000483 816
1576885700386 2.581214231603286 817
1576885701938 2.2035374162775097 818
1576885703465 2.800557794049382 819
1576885705094 2.4641288734144635 820
1576885706543 2.212767228003471 821
1576885708096 2.1758438023653897 822
1576885709645 2.4828243413392235 823
1576885711601 1.6273536801855597 824
1576885713060 2.0925545051242365 825
1576885714554 2.2801462691277266 826
1576885716513 2.5080840423703195 827
1576885717867 2.5254133016832414 828
1576885719603 2.77825262578758 829
1576885721178 2.4888452972684587 830
1576885722667 2.6723240379131203 831
1576885724215 2.59432749067034 832
1576885725855 2.5529779933000865 833
1576885727428 2.4151107112043784 834
1576885728926 3.0792074636979536 835
1576885730393 3.0403591432879047 836
1576885731974 3.0540612936019897 837
1576885733701 2.722301313510308 838
1576885735189 3.1706716698758743 839
1576885736652 2.855034512858237 840
1576885738110 2.815703777705922 841
1576885739677 2.705481115409306 842
1576885741365 2.8308107356230416 843
1576885742896 2.7700098577667687 844
1576885744289 2.6726375903402055 845
1576885745976 2.2174227986580286 846
1576885747576 2.105826109647751 847
1576885748956 2.497271522398918 848
1576885750574 2.1460427696767606 849
1576885752070 2.5425441966337314 850
1576885753453 2.043128153681755 851
1576885755429 2.1822283446788786 852
1576885756981 1.9565520046012743 853
1576885758594 2.172496215881486 854
1576885759913 2.4102792452121604 855
1576885761406 2.4223613522269507 856
1576885762943 2.503786213696003 857
1576885764346 2.3569551687086783 858
1576885765861 2.4582785470145088 859
1576885767432 2.544857373108735 860
1576885768952 2.604210501057761 861
1576885770599 2.7293673657082222 862
1576885772282 2.5274403316852374 863
1576885773842 2.5527702397421788 864
1576885775515 2.6376891087841345 865
1576885777211 2.5336500963098123 866
1576885778718 3.035788469844394 867
1576885792943 3.3733692444287815 868
1576885794501 2.82122246482793 869
1576885796069 2.877605381939146 870
1576885797661 2.926573869060068 871
1576885799102 2.507985616883924 872
1576885800573 2.4267414348466056 873
1576885802057 2.8555890159173445 874
1576885803434 2.878821865204842 875
1576885804958 2.911603832244873 876
1576885806413 3.0200869459094424 877
1576885808642 2.0057064173398196 878
1576885809980 3.2481742645132132 879
1576885811938 2.1454847649967466 880
1576885813392 2.894899834286083 881
1576885814936 2.5639677363283493 882
1576885816478 2.72437777929008 883
1576885818027 2.0748540808757148 884
1576885819449 2.3090662453323603 885
1576885820946 2.3023843476000954 886
1576885822503 2.5401483608616724 887
1576885823935 2.859630978468693 888
1576885825429 2.6088668163865805 889
1576885827109 1.9977303790418726 890
1576885828555 2.5682657677680254 891
1576885830053 2.612301091994009 892
1576885831458 2.445575321874311 893
1576885832847 1.9727468152840932 894
1576885834425 2.241991991656167 895
1576885836016 2.0715909267173096 896
1576885837445 2.2573079019784927 897
1576885838879 2.1788457297917567 898
1576885840388 2.3660138170508778 899
1576885842100 2.5348454117774963 900
1576885843758 2.4720760815673404 901
1576885845397 2.498420034584246 902
1576885846908 2.0080288911567017 903
1576885848598 2.5200311923638368 904
1576885850011 2.7891307286918163 905
1576885851497 2.1644774509800806 906
1576885852996 2.818106481007167 907
1576885854463 2.947589057333329 908
1576885855901 2.481295237618108 909
1576885857477 1.6846649118356014 910
1576885859050 2.630698037147522 911
1576885860581 2.5139860237638154 912
1576885862083 2.345219845121557 913
1576885863567 2.690447186722475 914
1576885865054 2.8300305642187595 915
1576885866510 2.698704062086163 916
1576885868105 2.7976208005632675 917
1576885869481 2.384265710007061 918
1576885870950 2.889704870455193 919
1576885872381 2.6728365536658996 920
1576885873839 2.4167744517326355 921
1576885875269 2.3988601077686655 922
1576885876812 2.247305019884496 923
1576885878551 2.6865360344711102 924
1576885880115 2.538255476468318 925
1576885881493 2.875469531863928 926
1576885882860 2.8066155622745383 927
1576885884247 2.350030190471945 928
1576885885803 2.7435301542282104 929
1576885887398 2.4671786073091866 930
1576885888917 2.553236860781908 931
1576885890476 2.6327323726245333 932
1576885891884 2.737684361396297 933
1576885893248 2.138123704184746 934
1576885895022 2.279012717306614 935
1576885896549 2.7244609357679592 936
1576885898038 2.5728286974357837 937
1576885899669 3.088425305911473 938
1576885901535 2.169845835084007 939
1576885903160 2.6348921179771425 940
1576885904605 2.85948395921338 941
1576885906139 2.6385834786821816 942
1576885907672 2.9929275004302753 943
1576885909188 2.703013949096203 944
1576885910566 2.3725285092989603 945
1576885912117 2.8095895239285062 946
1576885913619 2.523368913786752 947
1576885915240 3.086825850847605 948
1576885916730 2.535301458835602 949
1576885918171 3.0680794566869736 950
1576885919643 2.7785795465592416 951
1576885921187 3.06744780961205 952
1576885922582 2.975724414984385 953
1576885924177 2.553777048716674 954
1576885925563 2.8934881885846457 955
1576885927214 2.400268749610798 956
1576885928807 2.729019597172737 957
1576885930252 2.75598119244431 958
1576885931670 2.557332733946462 959
1576885933188 2.28789478354156 960
1576885934685 2.4309708494128603 961
1576885936076 2.686165517376315 962
1576885937665 2.684954477681054 963
1576885939149 2.109981325619361 964
1576885940615 2.5403685416494097 965
1576885942090 2.5345220638043955 966
1576885943546 2.392313353943102 967
1576885944986 2.6242557875812054 968
1576885946520 2.3272278183384945 969
1576885948004 2.683722683877656 970
1576885949459 2.5175620932132006 971
1576885950778 2.346709312112243 972
1576885952275 2.5460461070140203 973
1576885953835 2.3747173193338753 974
1576885955441 2.0534181120364288 975
1576885956812 2.6864085137844085 976
1576885958273 2.689716445172534 977
1576885959743 2.745762448757887 978
1576885961248 3.4166446805000303 979
1576885962720 2.5221975041973974 980
1576885964393 2.5038871535888085 981
1576885965904 2.7504074082655063 982
1576885967424 2.737844674026265 983
1576885969072 2.7078718502779267 984
1576885970473 2.276823313906789 985
1576885971864 2.7684292179165464 986
1576885973746 2.3652972933791934 987
1576885975260 2.8431549975366304 988
1576885976666 2.5662516474723818 989
1576885978153 2.3825912168531707 990
1576885979656 2.303602333016255 991
1576885981341 2.657758389269152 992
1576885982845 2.120003892108798 993
1576885984477 2.4586826836069426 994
1576885985963 2.399729581440196 995
1576885987483 2.296744809431188 996
1576885988841 2.47330442070961 997
1576885990390 2.64564369355931 998
1576885991984 1.8434843355241943 999
