1576884484329 7.98615690949675 0
1576884485722 9.923412768871755 1
1576884487026 8.55991908482143 2
1576884488486 9.671932071834416 3
1576884489973 8.968061967329547 4
1576884491305 8.503386262175326 5
1576884492717 10.06626674107143 6
1576884494130 10.168996043019483 7
1576884495446 7.120266208400974 8
1576884496683 8.469254134537339 9
1576884498119 9.312062449269478 10
1576884499573 10.128379920860388 11
1576884501225 11.519458324878247 12
1576884502737 10.494987190543831 13
1576884504262 10.005675476866882 14
1576884505548 7.852323457792206 15
1576884506864 10.390038428368506 16
1576884508276 12.02267337155032 17
1576884509829 11.836048473011362 18
1576884511359 13.145165381493506 19
1576884512642 10.924436891233764 20
1576884514017 10.271772904829547 21
1576884515259 10.782835328733766 22
1576884516807 8.993252840909088 23
1576884518105 7.44099406452922 24
1576884519373 9.23014851359578 25
1576884520826 11.263586267248382 26
1576884522256 10.831362241274348 27
1576884523648 9.179069221793831 28
1576884524996 8.017086673092532 29
1576884526434 10.247168602881494 30
1576884527697 8.165980747767856 31
1576884528974 6.298495205965909 32
1576884530364 8.461264077719154 33
1576884531885 11.171922559862015 34
1576884533109 7.76042195109578 35
1576884534506 8.69430740158279 36
1576884536077 10.690743582589281 37
1576884537755 13.55769962459416 38
1576884539183 9.924142020089288 39
1576884540625 11.093100015219159 40
1576884542138 12.107060420048702 41
1576884543478 8.109004033076298 42
1576884545047 13.126109730113638 43
1576884546353 9.384718065137985 44
1576884547667 9.49447037337662 45
1576884548935 9.20503690645292 46
1576884550189 9.195715173498376 47
1576884551637 7.989597072849025 48
1576884553327 11.896798270089283 49
1576884554851 9.240770216112015 50
1576884556361 9.826343090503245 51
1576884557608 9.468692928165583 52
1576884558860 8.61274223823052 53
1576884560655 12.756109856939934 54
1576884562086 10.749353185876625 55
1576884563615 11.433533507508116 56
1576884565020 9.794668222402597 57
1576884566316 7.920682832792209 58
1576884567741 10.06515701095779 59
1576884569025 8.637742872362013 60
1576884570433 11.459247539569809 61
1576884571840 8.714250837053571 62
1576884573219 10.088318663758118 63
1576884574540 9.361778358360388 64
1576884575864 10.226194703733766 65
1576884577385 10.502818714488637 66
1576884578803 11.236017400568182 67
1576884580177 10.324152166193182 68
1576884581688 11.709792892654217 69
1576884583085 8.914160790381494 70
1576884584486 11.219165356128247 71
1576884586021 10.15819995434253 72
1576884587849 10.809500558035714 73
1576884589172 11.224444500811686 74
1576884590469 9.47057946935877 75
1576884591788 10.250244140624996 76
1576884593179 10.984108664772725 77
1576884594522 8.575645545860391 78
1576884595936 10.238655387581169 79
1576884597269 8.886528510551948 80
1576884598592 9.535720627029217 81
1576884599864 7.879733791599026 82
1576884601295 8.591593952922077 83
1576884602751 10.524204799107142 84
1576884604151 8.581590528612013 85
1576884605515 9.62754286728896 86
1576884607027 12.270127333603899 87
1576884608245 9.907385095373376 88
1576884609680 10.19537591314935 89
1576884610992 9.159569678368502 90
1576884612510 9.756858132102273 91
1576884613878 8.961070667613638 92
1576884615241 11.711235541801948 93
1576884616694 9.037499365868506 94
1576884618636 11.03710620434253 95
1576884620081 7.015539392248375 96
1576884621483 8.777917639001624 97
1576884623255 15.635811941964285 98
1576884624565 7.734232320413962 99
1576884625850 7.587605265827924 100
1576884627158 10.300483208198056 101
1576884628691 10.92854289265422 102
1576884630270 12.503265777191558 103
1576884631742 12.245713271103895 104
1576884633168 12.52097389914773 105
1576884634758 13.624061485389609 106
1576884636267 10.052331701501625 107
1576884637780 11.657001445819805 108
1576884639133 8.74410257711039 109
1576884640479 8.650663301542206 110
1576884641745 7.689177277800325 111
1576884642988 9.369657442167206 112
1576884644300 8.683035714285712 113
1576884645663 9.197823660714285 114
1576884646948 7.984682553774351 115
1576884648168 8.384835379464285 116
1576884649432 8.272816051136365 117
1576884650988 10.442782315340908 118
1576884652313 8.053628500405845 119
1576884653718 10.667328277191558 120
1576884655162 11.778168120941562 121
1576884656461 7.205239828530843 122
1576884657890 10.39747362012987 123
1576884659295 11.439938235592532 124
1576884660691 10.121356914569803 125
1576884661995 9.225424233969155 126
1576884663311 9.920004312094157 127
1576884664797 10.917778510551948 128
1576884666375 11.09577922077922 129
1576884667891 10.85836038961039 130
1576884669562 10.573445109577927 131
1576884670839 8.566244546469155 132
1576884672205 9.480820692978895 133
1576884673619 8.616768973214286 134
1576884675203 9.247460303368504 135
1576884676761 13.313844358766236 136
1576884678182 10.720500202922075 137
1576884679693 10.358141614245127 138
1576884681046 8.432553774350648 139
1576884682589 11.376303140219155 140
1576884683925 10.318080357142854 141
1576884685268 9.36366489955357 142
1576884686465 7.673419110186687 143
1576884687780 8.019639052353897 144
1576884689069 9.33492288961039 145
1576884690574 10.369508421266232 146
1576884691992 9.133126395089285 147
1576884693439 8.164760044642854 148
1576884694752 9.677813641436687 149
1576884696220 8.596540178571429 150
1576884697502 9.804513113839283 151
1576884698868 11.6162109375 152
1576884700232 9.075975294237015 153
1576884701628 8.964590097402597 154
1576884702862 5.988278079342532 155
1576884704819 13.357203099634742 156
1576884706155 8.024997463474026 157
1576884707460 8.94095284598214 158
1576884708780 9.876756544237013 159
1576884710047 7.004885983157467 160
1576884711526 11.007777622767856 161
1576884712970 11.547582056615258 162
1576884714453 9.256829596185064 163
1576884715970 10.015298422280843 164
1576884717424 9.92683707893669 165
1576884718723 8.540752460430193 166
1576884720092 8.137048498376624 167
1576884721524 10.703061586850648 168
1576884722980 12.429167512175326 169
1576884724302 9.987761262175322 170
1576884725636 10.463835480925326 171
1576884726992 8.727123706371755 172
1576884728373 9.76629083806818 173
1576884730197 13.220547762784095 174
1576884731620 8.64208667309253 175
1576884733082 9.813169008725648 176
1576884734388 8.089520342938314 177
1576884735695 6.613087839894481 178
1576884737054 8.464514001623373 179
1576884738564 10.853334897524352 180
1576884740387 13.92638367491883 181
1576884741836 9.880022321428571 182
1576884743418 13.17002333603896 183
1576884744875 9.059028130073052 184
1576884746267 9.374841467126625 185
1576884747698 9.14699802150974 186
1576884749005 9.039274934050326 187
1576884750585 11.265869140625 188
1576884752028 13.601835176542204 189
1576884753449 9.450810420048695 190
1576884754807 7.704126927759739 191
1576884756227 7.557182807426949 192
1576884757688 9.070759562702923 193
1576884759140 10.528580306412339 194
1576884760544 8.2275390625 195
1576884762127 10.01854834618506 196
1576884763459 10.131043273133118 197
1576884764762 9.0707912692776 198
1576884766248 11.994311840503245 199
1576884767756 12.488934405438313 200
1576884769157 8.76708984375 201
1576884770516 9.545042359983766 202
1576884771820 8.686444171063311 203
1576884773090 6.691514052353893 204
1576884774627 14.863962941355515 205
1576884775968 11.827963296469155 206
1576884777350 8.25336406757305 207
1576884778776 10.863211495535715 208
1576884780352 10.225005707183444 209
1576884781709 10.84201565036526 210
1576884783023 10.546779880275976 211
1576884784352 10.318460836038959 212
1576884785730 11.08317585734578 213
1576884787170 9.751689960430197 214
1576884788553 7.2616458248782445 215
1576884790047 10.731042639001624 216
1576884791686 12.521909243100648 217
1576884793001 8.56621283989448 218
1576884794628 11.483075030438313 219
1576884795951 10.241065087256494 220
1576884797277 8.579006442775974 221
1576884798739 9.46140041599026 222
1576884799992 9.04301630986201 223
1576884801342 10.034354073660714 224
1576884803591 11.239378297483762 225
1576884805108 10.914037134740257 226
1576884806375 8.161177201704545 227
1576884807650 8.751918247767856 228
1576884809089 8.327525745738637 229
1576884810363 6.501005098417208 230
1576884811994 10.273057021103899 231
1576884813352 6.742862850040585 232
1576884814815 10.37420099431818 233
1576884816140 7.227323457792207 234
1576884817552 10.239812677556817 235
1576884819207 11.552686815137987 236
1576884820555 9.968499518060062 237
1576884821811 9.458213905235388 238
1576884823391 8.719688514610388 239
1576884825183 12.022308745941556 240
1576884827156 12.848027216923697 241
1576884828778 13.059288123985395 242
1576884830222 8.753979175121751 243
1576884831580 8.291792436079543 244
1576884832986 9.131905691964285 245
1576884834336 10.143329570819807 246
1576884835779 10.063429002637989 247
1576884837266 12.401899857954547 248
1576884838664 7.154556868912335 249
1576884840068 12.005773767248378 250
1576884841391 10.090062525365262 251
1576884842894 10.906348290381494 252
1576884844431 9.716987114448052 253
1576884845812 10.610541801948054 254
1576884847250 11.40929383116883 255
1576884848465 7.770013189935065 256
1576884849977 11.702325994318183 257
1576884851498 11.96785270393669 258
1576884853157 14.07529360288149 259
1576884854619 12.025796469155841 260
1576884856127 11.882403485186687 261
1576884857681 10.848626471185066 262
1576884858995 10.46047458400974 263
1576884860371 11.530603185876627 264
1576884861740 9.728829520089286 265
1576884863408 13.207421240868504 266
1576884864817 9.73041484882305 267
1576884866277 10.734403535917206 268
1576884867641 10.493211622362011 269
1576884869216 12.850278383725652 270
1576884870523 9.649436257102272 271
1576884871935 11.563831676136363 272
1576884873463 10.892983969155843 273
1576884875001 11.73076679180195 274
1576884876485 9.370291573660714 275
1576884877788 8.937544389204545 276
1576884879018 7.881430093344156 277
1576884880518 10.473157213879869 278
1576884881975 9.286649629667204 279
1576884883364 11.926285384537342 280
1576884884868 8.751617035308442 281
1576884886144 9.73585252637987 282
1576884887771 12.489695363230519 283
1576884889195 9.622358842329545 284
1576884890739 14.499733664772732 285
1576884892250 11.464748630275974 286
1576884893755 12.362932477678568 287
1576884895104 9.680175781250002 288
1576884896671 10.247834440949674 289
1576884898115 12.233236733969157 290
1576884899522 9.637847504058438 291
1576884900898 9.881084491680195 292
1576884902476 13.177965832995127 293
1576884904063 10.23129946225649 294
1576884905503 10.037493024553571 295
1576884906960 9.510149274553571 296
1576884908347 10.55716378348214 297
1576884909659 9.32907302658279 298
1576884911066 9.826422356939936 299
1576884912462 9.054446530032468 300
1576884913987 10.267872996144478 301
1576884915648 13.80718280742695 302
1576884917031 10.15683657163149 303
1576884918432 8.289240056818182 304
1576884920010 13.686634410511365 305
1576884921640 10.910707944399347 306
1576884923060 9.761154372970777 307
1576884924628 12.622847123579545 308
1576884926119 10.399613813920457 309
1576884927436 7.794902851055194 310
1576884928835 7.441025771103898 311
1576884930253 10.675952465503247 312
1576884931696 9.316865995332792 313
1576884933225 10.704107903814936 314
1576884934609 9.475493988433444 315
1576884936148 10.078996930803571 316
1576884937498 10.393700537743506 317
1576884938925 9.011642654220777 318
1576884940299 12.697991705560064 319
1576884941698 11.347751369724026 320
1576884943209 11.953949370941556 321
1576884944574 11.997419084821432 322
1576884945998 11.3951368455763 323
1576884947521 9.547483766233768 324
1576884948771 6.251997514204545 325
1576884950283 9.506122539569805 326
1576884951893 13.674110313514609 327
1576884953392 9.758300781250002 328
1576884954812 10.335725065949678 329
1576884956297 11.623059557629869 330
1576884957901 13.924037388392858 331
1576884959383 12.924360795454547 332
1576884960793 10.931650136972404 333
1576884962115 10.341273716517854 334
1576884963502 10.672369622564934 335
1576884964808 9.56520774147727 336
1576884966220 10.270710734577921 337
1576884967545 8.260133421266234 338
1576884969246 12.148088727678573 339
1576884970898 12.02280019784903 340
1576884972451 11.453762302150972 341
1576884973907 12.134660993303571 342
1576884975351 11.287778383725648 343
1576884976683 10.835769455154223 344
1576884978225 10.474346210430195 345
1576884979602 10.481385070008116 346
1576884981157 10.971552861201301 347
1576884982734 11.332326121144476 348
1576884984201 9.178989955357142 349
1576884985502 12.246902267654221 350
1576884986813 9.059472022118507 351
1576884988284 11.530064174107144 352
1576884989818 12.926611962256494 353
1576884991796 14.778973467938314 354
1576884993106 10.414928089488637 355
1576884994603 10.658418729707796 356
1576884996068 8.615817775974026 357
1576884997739 12.016791801948056 358
1576884999056 8.07046469155844 359
1576885000406 11.186444171063311 360
1576885001868 10.748243455762989 361
1576885003338 10.912753018465908 362
1576885004806 12.67402153510552 363
1576885006215 9.052924614448052 364
1576885007813 12.817477932224024 365
1576885009376 12.906890472808442 366
1576885011108 15.249530742694807 367
1576885012596 9.422226942978893 368
1576885013923 8.328128170657466 369
1576885015480 11.937335125811687 370
1576885016947 10.39614194399351 371
1576885018605 12.111023741883116 372
1576885020071 13.016833020495131 373
1576885021559 12.218635856331165 374
1576885023558 17.31997006899351 375
1576885024871 10.460839209618507 376
1576885026349 9.440283837256496 377
1576885027881 12.729175121753249 378
1576885029508 11.962668678977273 379
1576885030929 11.84226296164773 380
1576885032324 13.011030717329543 381
1576885033919 12.101923954951298 382
1576885035276 12.683755453530843 383
1576885036847 10.851004464285717 384
1576885038272 10.44119698660714 385
1576885039663 10.418035333806818 386
1576885041010 10.262070692978893 387
1576885042432 11.094019505884742 388
1576885043947 14.747837611607139 389
1576885045431 11.491493126014609 390
1576885047038 11.674804687499998 391
1576885048459 10.247945413961038 392
1576885049924 10.366242644074676 393
1576885051376 10.099162312297077 394
1576885053135 16.44781731939935 395
1576885054697 10.804316533076296 396
1576885056274 12.746011312905843 397
1576885057593 9.367913580560066 398
1576885059086 10.901655717329549 399
1576885060523 8.060477120535715 400
1576885061964 8.870802049512985 401
1576885063406 12.107028713474024 402
1576885064935 10.48910562094156 403
1576885066547 14.809919084821429 404
1576885068353 13.183546190137989 405
1576885069810 7.857158710430197 406
1576885071342 10.798403256899345 407
1576885072893 9.31964032061688 408
1576885074351 12.7708692674513 409
1576885075657 9.671186967329543 410
1576885077099 10.418954824472403 411
1576885078690 11.98590959821429 412
1576885080237 10.470747514204543 413
1576885082149 10.902606914569803 414
1576885084248 12.673308137175319 415
1576885085574 9.828863763189936 416
1576885086995 9.715243252840908 417
1576885088323 10.220503373579541 418
1576885089910 13.561805626014612 419
1576885091536 11.855817522321427 420
1576885093056 12.685863940746753 421
1576885094400 10.156836571631494 422
1576885095847 12.263104327313313 423
1576885097488 10.233915254667203 424
1576885098974 10.645022701907468 425
1576885100698 12.65008307122565 426
1576885102323 11.25060242491883 427
1576885103654 8.773288479099024 428
1576885105044 9.869178672889609 429
1576885106615 9.165118328936687 430
1576885108285 14.234634993912335 431
1576885109838 13.850700081168831 432
1576885111383 12.534227247362011 433
1576885112797 7.627618963068181 434
1576885114271 10.034750405844154 435
1576885115637 10.300261262175328 436
1576885117268 11.747349330357146 437
1576885118731 12.766715706168828 438
1576885120291 14.489000989245127 439
1576885121770 8.835813844358766 440
1576885123230 11.055242365056815 441
1576885124706 10.625380478896105 442
1576885126210 12.134882939326298 443
1576885127549 10.1259860744724 444
1576885129183 11.947259283685064 445
1576885130734 11.430346996753249 446
1576885132292 12.821282721185064 447
1576885133969 13.834418755073049 448
1576885135510 10.85136908989448 449
1576885136959 10.817902800324674 450
1576885138530 11.416697316355519 451
1576885140016 10.792696073457789 452
1576885141672 12.450506036931817 453
1576885143181 10.854080002029221 454
1576885144617 9.414902724228895 455
1576885146162 13.234308416193176 456
1576885147733 11.016179865056818 457
1576885149217 10.388548219358762 458
1576885150842 12.06818815949675 459
1576885152362 11.857212611607139 460
1576885153846 11.223857929180197 461
1576885155357 10.63170594054383 462
1576885156875 11.265583781452925 463
1576885158443 9.1883592481737 464
1576885159982 10.097941609172077 465
1576885161448 11.269214184253247 466
1576885162868 8.025774274553571 467
1576885164199 9.337364295860391 468
1576885165654 10.53515942065747 469
1576885166988 8.273957487824676 470
1576885168445 11.489210252637987 471
1576885169879 11.273129946225652 472
1576885171311 11.72166700487013 473
1576885172961 9.47546228185877 474
1576885174325 10.086067496956167 475
1576885175854 13.146639737215908 476
1576885177374 10.16760095373377 477
1576885178942 12.180936739042213 478
1576885180373 11.299731762378247 479
1576885181838 10.1060743455763 480
1576885183330 10.325737494926946 481
1576885185191 11.897654347605519 482
1576885186717 7.7638621144480515 483
1576885188179 8.973832563920455 484
1576885189827 13.758021763392854 485
1576885191216 8.361261541193182 486
1576885192660 9.57234172077922 487
1576885194045 10.694263012378245 488
1576885195474 9.948349989853899 489
1576885197110 9.418992872362013 490
1576885198932 8.00949294845779 491
1576885200431 10.1565036525974 492
1576885201922 10.247501521915583 493
1576885203367 11.135269759537339 494
1576885204826 12.507799817370127 495
1576885206157 9.951409674310066 496
1576885207579 8.404620282061689 497
1576885209012 8.27004172585227 498
1576885210470 9.871287160105519 499
1576885211900 13.094514128449672 500
1576885213726 10.53607891132305 501
1576885215301 14.08807135247565 502
1576885216778 10.83102932224026 503
1576885218376 13.902508624188313 504
1576885219743 10.912182300121753 505
1576885221220 11.187601461038964 506
1576885223004 12.433558872767854 507
1576885224495 10.842618075284088 508
1576885225941 10.676507330560066 509
1576885227290 8.958930473823049 510
1576885228814 13.107212611607142 511
1576885230288 11.506664721996751 512
1576885231551 8.724460354099024 513
1576885233191 11.236017400568182 514
1576885234599 10.460173371550324 515
1576885236031 11.535073812905846 516
1576885237973 14.835918476055197 517
1576885239560 12.000589742288968 518
1576885241184 13.080119343547079 519
1576885242514 9.133792233157466 520
1576885243866 9.466219815340908 521
1576885245308 10.478896103896105 522
1576885246947 13.219216086647728 523
1576885249194 13.776871322037339 524
1576885250600 8.793263621144481 525
1576885252175 12.387663605925322 526
1576885253663 13.189396053165586 527
1576885255632 14.545438692167204 528
1576885257117 13.34033520190747 529
1576885258910 11.500862418831165 530
1576885260238 9.121204723011367 531
1576885261646 10.740618024553573 532
1576885263201 11.28766741071429 533
1576885264843 11.04154512479708 534
1576885266497 12.99008852475649 535
1576885268555 13.268266157670451 536
1576885269919 9.037974964488637 537
1576885271346 10.803508015422077 538
1576885272834 9.39229593648539 539
1576885274139 8.637235567167208 540
1576885275406 10.64191545758929 541
1576885276703 8.714282543628245 542
1576885278076 12.11975890320617 543
1576885279354 6.059934938108766 544
1576885280812 7.238087839894483 545
1576885282204 9.681396484374998 546
1576885283695 10.782090224228899 547
1576885285216 12.307794744318178 548
1576885286495 9.70717392958604 549
1576885288029 11.229184633725653 550
1576885289643 8.658542385349028 551
1576885291051 10.9585056057224 552
1576885292599 11.660346489448052 553
1576885294085 10.615218521712663 554
1576885295588 12.49015510856331 555
1576885297060 8.854901202313313 556
1576885298473 10.523427988027597 557
1576885300180 11.904344434862015 558
1576885301663 9.025355747767858 559
1576885303166 12.795029677353893 560
1576885304540 11.796510374391236 561
1576885306013 13.07162198153409 562
1576885307555 11.386290711241884 563
1576885309126 10.410187956574676 564
1576885310599 11.360180346996753 565
1576885312027 9.813390954748373 566
1576885313487 10.548698128043828 567
1576885315080 13.212335759943182 568
1576885316537 10.775986708603893 569
1576885318146 11.166294642857142 570
1576885319607 7.353135146103893 571
1576885321048 10.216983943790583 572
1576885322617 11.789106889204543 573
1576885324180 9.806811840503245 574
1576885325643 8.568353033685066 575
1576885327218 10.628154804180195 576
1576885328585 11.282911424512989 577
1576885330062 11.03434773234578 578
1576885331794 13.786430854301948 579
1576885333319 10.846613103693183 580
1576885335244 14.405359045251627 581
1576885336721 10.50148703835227 582
1576885338363 11.442918653612013 583
1576885339951 11.43283596286526 584
1576885341541 11.781576577719155 585
1576885342980 10.942747438108766 586
1576885344461 10.010827795251624 587
1576885345855 11.755450360186689 588
1576885347373 11.390254033076298 589
1576885348828 10.10823039265422 590
1576885350328 11.476749568790584 591
1576885351753 11.699440696022725 592
1576885353278 11.80475408380682 593
1576885354820 13.836749188311687 594
1576885356307 10.766141817167204 595
1576885357609 7.393751268262987 596
1576885359084 9.816720145089285 597
1576885360724 12.24869368912338 598
1576885362210 12.771487545657465 599
1576885363809 12.320509080762987 600
1576885365267 13.588819627637987 601
1576885366806 9.262774578936687 602
1576885368217 10.071593445616882 603
1576885369720 8.784576019683445 604
1576885371194 9.882194221793833 605
1576885372604 10.89461685775162 606
1576885374044 9.37179763595779 607
1576885375648 13.029151024756496 608
1576885377081 7.720138747970781 609
1576885378487 10.416941456980522 610
1576885380172 11.182464995941556 611
1576885381571 11.696523691152597 612
1576885383013 11.027245459618506 613
1576885384520 10.557766208400974 614
1576885386153 11.651785714285712 615
1576885387682 11.916884385146103 616
1576885388949 7.105459238027596 617
1576885390574 12.801529525162337 618
1576885392125 11.492365056818183 619
1576885393632 11.669097504058444 620
1576885395073 10.361518364448052 621
1576885396596 10.6431837205763 622
1576885398199 16.07471020190747 623
1576885399705 12.335236784699674 624
1576885401016 8.976908101663959 625
1576885402511 9.830036906452921 626
1576885403802 7.991737266639612 627
1576885405460 10.66181133319805 628
1576885407006 11.969168526785715 629
1576885408535 9.77838689630682 630
1576885410106 10.290812702922079 631
1576885411764 11.38407125101461 632
1576885413260 10.843014407467528 633
1576885414924 14.246509106128247 634
1576885416428 7.896078530844154 635
1576885418024 10.656722427962666 636
1576885419573 10.47811929281656 637
1576885420984 10.0291700487013 638
1576885423210 17.181079418628244 639
1576885424722 12.707456118100646 640
1576885426107 10.496905438311687 641
1576885427628 9.648041167816558 642
1576885429168 10.61428317775974 643
1576885431039 14.583470728490264 644
1576885432626 12.301358309659092 645
1576885434130 12.612907112418837 646
1576885435660 10.670070895900976 647
1576885437250 9.840325689935064 648
1576885438729 11.116467760754869 649
1576885440129 9.733712332589285 650
1576885441664 11.470043628246753 651
1576885443027 12.040571732954547 652
1576885444517 11.845560445413959 653
1576885446796 16.41317788656656 654
1576885448610 9.908019226866884 655
1576885450111 13.52588207690747 656
1576885451763 13.95847072849026 657
1576885453736 14.277201070413959 658
1576885455305 14.35061764407468 659
1576885456773 12.483465021306815 660
1576885458089 9.187249518060066 661
1576885459757 12.928149731128247 662
1576885461267 11.530666599025972 663
1576885462772 10.968715122767858 664
1576885464634 13.190616756290588 665
1576885466107 11.592161500608768 666
1576885467604 11.364397321428571 667
1576885469466 12.735389610389605 668
1576885470906 11.337097960633116 669
1576885472459 8.936656605113638 670
1576885473929 11.853043197037339 671
1576885475434 13.397486302759738 672
1576885476847 11.342424665178571 673
1576885478351 8.91427176339286 674
1576885479840 11.451400162337661 675
1576885481839 13.311212713068178 676
1576885483352 13.037806919642856 677
1576885484810 10.229190975040586 678
1576885486476 12.683454241071427 679
1576885488016 13.704390092329543 680
1576885489521 10.987057376217534 681
1576885491034 11.528605671672077 682
1576885492513 11.351080560064933 683
1576885494134 12.38695020799513 684
1576885495653 11.294103845373378 685
1576885497009 11.211207005884743 686
1576885498358 9.183619115259743 687
1576885499781 8.479574624594157 688
1576885501405 10.033085810673699 689
1576885503042 12.972697468547077 690
1576885504586 11.03349165482954 691
1576885506280 12.858839158887985 692
1576885507719 9.104257558847399 693
1576885509244 11.381455458603895 694
1576885510839 11.242659927962661 695
1576885512311 13.552277800324674 696
1576885514243 13.905647575081165 697
1576885515782 12.643424690543828 698
1576885517332 11.793656782670453 699
1576885518780 10.62182934253247 700
1576885520370 14.378582842938314 701
1576885521909 14.415425882711043 702
1576885523801 12.90048574472403 703
1576885525204 9.976156655844154 704
1576885526771 12.342973188920457 705
1576885528224 11.690737241274347 706
1576885529597 10.900878906249996 707
1576885531195 12.616283862621751 708
1576885532757 10.396585836038959 709
1576885534168 8.126696301745131 710
1576885535735 10.071308086444803 711
1576885537176 10.075303114853895 712
1576885538720 13.43818169135552 713
1576885540196 11.311526608157472 714
1576885541620 11.789154449066556 715
1576885543072 10.663777140827923 716
1576885544576 12.291291472199672 717
1576885546091 11.936748554180191 718
1576885547534 9.553206802962665 719
1576885548997 11.921576958198052 720
1576885550463 11.217833679991887 721
1576885551896 12.260551948051948 722
1576885553431 10.809009106128245 723
1576885555265 15.590804459212666 724
1576885556810 12.308111810064938 725
1576885558418 12.244857193587661 726
1576885559979 12.43910752333604 727
1576885561578 11.161189884334416 728
1576885563202 11.671031605113638 729
1576885564697 10.29507723721591 730
1576885566304 10.81867961140422 731
1576885567815 11.056098442573052 732
1576885569302 12.105475091314931 733
1576885570808 11.906341949066555 734
1576885572427 12.10184468851461 735
1576885573984 11.641322544642861 736
1576885575483 9.401253043831169 737
1576885576897 11.642654220779221 738
1576885578504 12.824088753043833 739
1576885579941 11.423958121956169 740
1576885581602 13.940223594764612 741
1576885583137 11.903963955965907 742
1576885584600 8.613931234780846 743
1576885586014 11.001357041396105 744
1576885587484 9.53768643465909 745
1576885589085 12.830572747564933 746
1576885590761 13.178520698051948 747
1576885592306 12.138656021712658 748
1576885593713 9.6787014255276 749
1576885595232 10.251417283887985 750
1576885596731 12.350440087256493 751
1576885598716 12.769299792004867 752
1576885600150 13.546205991274347 753
1576885601710 12.177100243506496 754
1576885603219 10.324548498376622 755
1576885605115 16.107177734375004 756
1576885606629 13.270564884334417 757
1576885608127 10.777461064326298 758
1576885609441 10.986708603896103 759
1576885611272 12.525079900568183 760
1576885612730 11.492063844358766 761
1576885614720 14.450303114853897 762
1576885616100 12.316894531250002 763
1576885617630 14.155067344764612 764
1576885619249 13.4776563768263 765
1576885621175 15.707627333603897 766
1576885622666 11.967995383522727 767
1576885624311 15.001315822849024 768
1576885625981 13.17316228693182 769
1576885627409 10.87849406452922 770
1576885628804 10.599714006696425 771
1576885630770 14.873395647321429 772
1576885632231 10.170930144074674 773
1576885633621 9.732998934659092 774
1576885635217 9.911078911323052 775
1576885636772 11.035124543425328 776
1576885638245 10.989213423295457 777
1576885639739 12.670454545454547 778
1576885641426 15.236911525974032 779
1576885642938 13.23602057122565 780
1576885644400 11.338540609780845 781
1576885646019 10.182392070819803 782
1576885647558 13.056704038149354 783
1576885649030 11.933054738230519 784
1576885650590 12.710674335430193 785
1576885652075 11.512879210633113 786
1576885653634 11.188394125405843 787
1576885655061 11.56444995434253 788
1576885656571 12.400203556209412 789
1576885658140 14.61330661525974 790
1576885659581 12.890244521103893 791
1576885660983 11.481632381290584 792
1576885662398 10.41741705560065 793
1576885664086 12.75503183340097 794
1576885665742 12.374156605113635 795
1576885667847 15.942668171672077 796
1576885669334 12.031218293425324 797
1576885671001 13.015279398336045 798
1576885672928 13.923117897727273 799
1576885674371 10.61505998883929 800
1576885676032 14.48020241477273 801
1576885677608 11.455759816355519 802
1576885679124 13.308596920657465 803
1576885680556 10.072259283685066 804
1576885682010 12.336933086444802 805
1576885683573 12.693806437702921 806
1576885685243 11.788520317573049 807
1576885686692 10.589837408685066 808
1576885688070 11.798317649147727 809
1576885689488 11.327696961241884 810
1576885691232 13.035888671874998 811
1576885692687 11.142134232954547 812
1576885694213 9.793304839691556 813
1576885695770 11.270101968344155 814
1576885697295 11.015989625608764 815
1576885698756 11.197747564935066 816
1576885700334 12.50496207893669 817
1576885701879 12.45976435673701 818
1576885703358 9.898174335430195 819
1576885705040 13.63726727374188 820
1576885706484 11.741245814732142 821
1576885708037 11.363620510349023 822
1576885709586 10.727776861810062 823
1576885711544 15.06109856939935 824
1576885713000 14.68854631696429 825
1576885714493 12.93479225852273 826
1576885716453 15.220233867694803 827
1576885717816 11.348036728896103 828
1576885719544 12.966340300324674 829
1576885721121 12.68752853591721 830
1576885722607 13.403288605925326 831
1576885724155 12.630409141639612 832
1576885725795 14.615478515625004 833
1576885727368 13.286481584821429 834
1576885728873 12.718664392248375 835
1576885730330 11.07107979910714 836
1576885731921 10.263402369115257 837
1576885733648 12.18149160409903 838
1576885735133 10.95798244724026 839
1576885736594 11.951032366071427 840
1576885738052 10.003868202110391 841
1576885739617 12.706711013595775 842
1576885741306 14.121220576298702 843
1576885742843 11.341980773133116 844
1576885744227 8.262685800527596 845
1576885745922 13.938955331777596 846
1576885747515 11.057652064732142 847
1576885748900 10.154315898944805 848
1576885750516 14.550701983563316 849
1576885752013 10.063096083603893 850
1576885753396 10.52157315340909 851
1576885755366 13.841552734374996 852
1576885756924 14.048913732751624 853
1576885758540 15.887958477069805 854
1576885759857 8.983709161931815 855
1576885761347 12.530263925527597 856
1576885762885 11.659633091517858 857
1576885764286 11.524230164366886 858
1576885765803 12.547020850243506 859
1576885767369 13.690550172483764 860
1576885768897 13.923641056209412 861
1576885770536 13.184370561079549 862
1576885772223 14.153069830560064 863
1576885773779 11.036265980113633 864
1576885775456 14.894258573457792 865
1576885777148 13.095370205965908 866
1576885778664 13.34499606838474 867
1576885792881 9.50542499492695 868
1576885794440 12.727843445616884 869
1576885796007 13.64777800324676 870
1576885797604 10.814526050121751 871
1576885799046 12.771868024553571 872
1576885800528 10.871423498376624 873
1576885801997 12.831349558644478 874
1576885803377 13.476102754667204 875
1576885804894 12.25314846286526 876
1576885806354 10.093391715706169 877
1576885808579 15.010193663758116 878
1576885809923 8.096876268262989 879
1576885811877 15.119771585836045 880
1576885813328 11.55332094663149 881
1576885814874 10.911342075892858 882
1576885816366 13.613677582183442 883
1576885817967 14.782128272118506 884
1576885819388 10.528865665584417 885
1576885820890 11.55393922483766 886
1576885822458 10.01729593648539 887
1576885823885 9.496166675121755 888
1576885825365 10.356144100040584 889
1576885827045 13.275590376420457 890
1576885828488 9.780907568993507 891
1576885829990 10.420445033482142 892
1576885831395 10.364356102881494 893
1576885832785 10.416592684659088 894
1576885834363 12.366008015422075 895
1576885835955 11.839710582386362 896
1576885837385 8.86555461140422 897
1576885838827 12.691919896509745 898
1576885840325 11.446073457792206 899
1576885842036 12.298568131087661 900
1576885843703 11.619682807426946 901
1576885845339 10.839938869724023 902
1576885846855 12.900374771712661 903
1576885848482 14.393342253449676 904
1576885849958 9.953629134537337 905
1576885851441 11.686012961647723 906
1576885852931 13.031671697443185 907
1576885854406 9.661896940949676 908
1576885855840 12.589111328124998 909
1576885857417 15.01715325689935 910
1576885858986 11.991870434253247 911
1576885860524 13.1215915432224 912
1576885862019 11.248493937702925 913
1576885863512 10.561127105316558 914
1576885864988 11.003639914772727 915
1576885866450 10.050920758928568 916
1576885868040 12.935299563717532 917
1576885869421 13.536662312297079 918
1576885870888 11.906563895089285 919
1576885872329 9.39077402090097 920
1576885873780 10.950547255478893 921
1576885875207 12.914690290178573 922
1576885876757 13.020558543019476 923
1576885878489 15.730424360795455 924
1576885880056 15.760054154829549 925
1576885881428 9.617444323254869 926
1576885882805 10.03641500101461 927
1576885884182 10.48236797382305 928
1576885885747 12.42783583603896 929
1576885887338 12.185264686485393 930
1576885888862 10.959805575284088 931
1576885890420 12.731886033887987 932
1576885891821 10.42199865564123 933
1576885893185 12.981131417410714 934
1576885894961 15.182946935876629 935
1576885896483 13.82634943181818 936
1576885897977 12.254844764610395 937
1576885899607 11.839758142248378 938
1576885901477 16.13837700385552 939
1576885903103 12.30704963981331 940
1576885904543 10.301038073254873 941
1576885906083 12.803828251826301 942
1576885907612 11.36983499898539 943
1576885909123 12.453090122767854 944
1576885910502 11.746192040381493 945
1576885912055 14.424636642654225 946
1576885913555 13.965477881493507 947
1576885915177 12.294351156655848 948
1576885916665 14.048469840706169 949
1576885918108 11.912080839082792 950
1576885919582 10.84228515625 951
1576885921127 10.368874289772727 952
1576885922521 10.32973252333604 953
1576885924120 14.044046773538959 954
1576885925498 11.59063958502435 955
1576885927154 14.077275263798702 956
1576885928744 12.86749505377435 957
1576885930186 9.655539772727272 958
1576885931605 11.956470043628249 959
1576885933128 11.59160663555195 960
1576885934624 10.955398361404223 961
1576885936009 12.248122970779223 962
1576885937602 11.86675629058441 963
1576885939087 12.802892907873378 964
1576885940557 9.983972326501622 965
1576885942027 13.964510830965914 966
1576885943489 11.771160967938311 967
1576885944924 13.213667436079545 968
1576885946459 13.421012581168828 969
1576885947952 10.361740310470784 970
1576885949399 12.192668171672077 971
1576885950714 9.382974203530846 972
1576885952215 10.072861708603897 973
1576885953774 13.198686079545451 974
1576885955385 14.617729682426948 975
1576885956751 11.280089539366884 976
1576885958212 14.235538631290588 977
1576885959679 11.949177531452925 978
1576885961189 8.675885881696429 979
1576885962654 11.452700131899347 980
1576885964328 10.544877485795455 981
1576885965844 9.82293463372565 982
1576885967369 12.507403485186689 983
1576885969005 14.074944830560064 984
1576885970413 12.301421722808437 985
1576885971804 10.926133192978897 986
1576885973683 14.30243950385552 987
1576885975198 11.852218826095777 988
1576885976607 10.499204164975648 989
1576885978090 11.252742618709412 990
1576885979588 13.372184456168831 991
1576885981276 11.90456638088474 992
1576885982781 11.353743912337663 993
1576885984410 11.615798752029217 994
1576885985899 8.59842671976461 995
1576885987420 11.127596768465914 996
1576885988777 8.769705636160715 997
1576885990325 11.109809380073056 998
1576885991919 12.919018237621755 999
