1576884484031 144.09967041015625 30
1576884485412 217.8646240234375 61
1576884486720 150.34812927246094 91
1576884488153 190.36468505859375 124
1576884489605 157.46070861816406 162
1576884490994 150.29763793945312 192
1576884492382 144.68548583984375 227
1576884493800 198.44017028808594 260
1576884495135 129.90106201171875 290
1576884496395 123.75080871582031 318
1576884497803 166.38201904296875 350
1576884499249 202.2620086669922 382
1576884500818 218.0989990234375 420
1576884502420 170.36093139648438 453
1576884503929 202.9534912109375 486
1576884505255 125.1162109375 515
1576884506557 164.18447875976562 546
1576884507952 225.80316162109375 580
1576884509482 203.77003479003906 618
1576884511009 238.52259826660156 654
1576884512327 182.77488708496094 685
1576884513708 157.98277282714844 717
1576884514974 179.64907836914062 746
1576884516457 123.01242065429688 783
1576884517808 106.92756652832031 812
1576884519062 106.66854095458984 842
1576884520480 166.49276733398438 876
1576884521916 137.11398315429688 911
1576884523334 111.97697448730469 942
1576884524670 75.39595031738281 973
1576884526095 136.24913024902344 1007
1576884527401 63.82058334350586 1036
1576884528687 34.70474624633789 1065
1576884530064 56.043296813964844 1095
1576884531543 123.39910888671875 1131
1576884532808 35.9443359375 1160
1576884534181 45.45621871948242 1192
1576884535682 80.97136688232422 1231
1576884537259 177.38095092773438 1271
1576884537694 -0.8569328784942627 1272
1576884538860 77.90328979492188 1305
1576884540302 115.56253051757812 1339
1576884541776 124.39655303955078 1377
1576884543162 5.993984699249268 1410
1576884544670 136.35829162597656 1449
1576884546048 45.61215591430664 1479
1576884547357 36.070621490478516 1510
1576884548631 9.898324966430664 1540
1576884549899 29.317903518676758 1570
1576884551310 -20.56170654296875 1599
1576884552937 101.11797332763672 1632
1576884554533 3.756899118423462 1661
1576884556024 35.559906005859375 1690
1576884557326 0.2908180356025696 1718
1576884558570 -25.221982955932617 1746
1576884560073 74.92992401123047 1786
1576884560572 -4.2104058265686035 1789
1576884561742 26.302474975585938 1825
1576884563268 57.51577377319336 1861
1576884564718 -12.461970329284668 1893
1576884566011 -42.719093322753906 1922
1576884567416 -10.793708801269531 1955
1576884568709 -28.352006912231445 1985
1576884570123 32.61137008666992 2018
1576884571511 -42.10321807861328 2051
1576884572901 -6.576539039611816 2083
1576884574247 -20.175851821899414 2112
1576884575554 1.7002792358398438 2142
1576884577052 17.438594818115234 2175
1576884578469 17.9779109954834 2208
1576884579861 3.3682498931884766 2240
1576884581346 43.7619743347168 2276
1576884582766 -45.612762451171875 2310
1576884584164 26.2917423248291 2343
1576884585665 -14.427469253540039 2380
1576884587276 -4.051209926605225 2420
1576884587772 -2.6493072509765625 2422
1576884588884 37.07658767700195 2451
1576884590177 -19.177335739135742 2481
1576884591490 34.865726470947266 2510
1576884592856 14.250285148620605 2542
1576884594221 -34.36574935913086 2572
1576884595599 4.770908355712891 2607
1576884596958 -33.31501007080078 2637
1576884598277 3.471038579940796 2668
1576884599582 -39.25400924682617 2697
1576884600991 -17.747474670410156 2727
1576884602416 24.86479377746582 2761
1576884603841 -22.503572463989258 2792
1576884605198 3.979039430618286 2824
1576884606683 54.8775749206543 2861
1576884607963 30.18264389038086 2889
1576884609355 34.397335052490234 2921
1576884610667 -16.95162582397461 2953
1576884612179 10.716925621032715 2987
1576884613558 2.564758539199829 3018
1576884614924 67.8506851196289 3051
1576884616376 5.705662727355957 3084
1576884617915 16.898298263549805 3124
1576884618522 -8.883406639099121 3131
1576884619739 -81.32366943359375 3166
1576884621175 -7.365187644958496 3197
1576884622756 189.48739624023438 3237
1576884623189 -0.9327806234359741 3238
1576884624270 -27.383737564086914 3267
1576884625547 -40.541526794433594 3297
1576884626859 37.842403411865234 3327
1576884628347 56.23616027832031 3362
1576884629920 79.32717895507812 3399
1576884631406 61.83990478515625 3433
1576884632838 88.01298522949219 3468
1576884634384 107.01942443847656 3505
1576884635935 21.681913375854492 3541
1576884637449 72.79533386230469 3575
1576884638831 -29.35466766357422 3606
1576884640187 -25.1928768157959 3635
1576884641441 -53.56135559082031 3665
1576884642703 -8.657998085021973 3694
1576884644008 -21.759929656982422 3723
1576884645362 -3.8471322059631348 3753
1576884646633 -46.030921936035156 3783
1576884647880 -25.04193115234375 3811
1576884649149 -23.559171676635742 3839
1576884650633 19.848304748535156 3875
1576884652008 -34.60841751098633 3904
1576884653387 34.47405242919922 3939
1576884654838 82.6822738647461 3972
1576884656168 -50.019718170166016 4001
1576884657553 21.565610885620117 4033
1576884658966 56.498477935791016 4066
1576884660369 18.674898147583008 4099
1576884661670 8.892030715942383 4130
1576884663034 35.60991668701172 4157
1576884664473 51.25251388549805 4190
1576884666026 40.24567794799805 4227
1576884667519 23.22866439819336 4264
1576884669196 6.842212677001953 4304
1576884670551 -11.159311294555664 4333
1576884671891 -10.694496154785156 4365
1576884673317 -18.24456787109375 4396
1576884674852 -19.425758361816406 4435
1576884676410 113.32730102539062 4471
1576884677864 46.3176383972168 4502
1576884679350 8.638121604919434 4538
1576884680750 -27.002992630004883 4568
1576884682242 47.821327209472656 4605
1576884683603 23.95748519897461 4636
1576884684955 -13.452509880065918 4668
1576884686179 -37.42803955078125 4695
1576884687479 -34.29640197753906 4724
1576884688769 2.2526662349700928 4753
1576884690229 6.180234909057617 4790
1576884691642 -11.89711856842041 4824
1576884693098 -31.283275604248047 4858
1576884694442 8.219518661499023 4889
1576884695881 -10.371405601501465 4922
1576884697184 22.666059494018555 4952
1576884698550 61.48149490356445 4983
1576884699930 8.439253807067871 5013
1576884701324 -8.856718063354492 5044
1576884702580 -61.425254821777344 5072
1576884704134 75.43246459960938 5112
1576884704713 -3.561124563217163 5119
1576884705860 -6.254551887512207 5149
1576884707157 -3.0120670795440674 5178
1576884708483 19.05925750732422 5207
1576884709756 -46.871402740478516 5235
1576884711211 58.31371307373047 5269
1576884712642 57.54950714111328 5303
1576884714123 -4.783531188964844 5338
1576884715657 25.431184768676758 5372
1576884717079 13.187943458557129 5407
1576884718421 -20.119991302490234 5438
1576884719777 -37.82768249511719 5470
1576884721204 33.822269439697266 5501
1576884722642 87.56513977050781 5536
1576884723997 22.9786434173584 5567
1576884725323 35.71122741699219 5597
1576884726687 -22.02124786376953 5629
1576884728056 21.75048828125 5660
1576884729608 101.15838623046875 5700
1576884730112 -1.7177330255508423 5703
1576884731297 -33.97056198120117 5735
1576884732758 16.38417625427246 5766
1576884734092 -42.79829788208008 5795
1576884735394 -57.63713073730469 5824
1576884736740 -16.125812530517578 5854
1576884738223 36.681190490722656 5888
1576884739870 140.1547393798828 5928
1576884740318 -1.2630658149719238 5929
1576884741500 3.9328367710113525 5961
1576884743060 92.12031555175781 5998
1576884744533 -33.792991638183594 6033
1576884745940 -8.191131591796875 6066
1576884747370 -29.298580169677734 6099
1576884748715 -8.225502014160156 6128
1576884750227 38.963462829589844 6164
1576884751701 101.7202377319336 6199
1576884753130 -8.153603553771973 6231
1576884754496 -62.11213684082031 6262
1576884755902 -59.270408630371094 6296
1576884757348 -27.364376068115234 6329
1576884758808 21.77482795715332 6363
1576884760231 -36.90829086303711 6394
1576884761768 3.2440333366394043 6431
1576884763145 21.97902488708496 6462
1576884764465 -11.301399230957031 6492
1576884765922 77.30625915527344 6526
1576884767416 67.67271423339844 6562
1576884768862 -16.23682403564453 6592
1576884770216 13.706692695617676 6622
1576884771528 -23.45757484436035 6651
1576884772797 -67.38542938232422 6680
1576884774282 170.4282989501953 6716
1576884775645 63.478824615478516 6748
1576884777043 -44.53840255737305 6778
1576884778449 13.46680736541748 6812
1576884780032 2.913332939147949 6846
1576884781390 15.830479621887207 6878
1576884782711 24.38740348815918 6910
1576884784049 29.40496063232422 6940
1576884785420 28.169071197509766 6971
1576884786843 -15.166437149047852 7002
1576884788236 -69.05944061279297 7033
1576884789724 27.00293731689453 7066
1576884791335 58.53434371948242 7104
1576884792696 -30.669044494628906 7133
1576884794285 32.735816955566406 7168
1576884795632 8.323912620544434 7199
1576884796976 -54.054893493652344 7230
1576884798414 -14.183387756347656 7264
1576884799698 -28.04460334777832 7292
1576884801021 5.305800914764404 7322
1576884802651 -26.932884216308594 7362
1576884803409 -12.932083129882812 7377
1576884804763 44.548431396484375 7409
1576884806072 -21.988178253173828 7437
1576884807353 -15.264604568481445 7467
1576884808763 -47.270355224609375 7499
1576884810066 -61.80934143066406 7528
1576884811627 4.911482334136963 7566
1576884813040 -71.34597778320312 7596
1576884814487 31.920120239257812 7630
1576884815832 -43.49693298339844 7659
1576884817245 24.665307998657227 7690
1576884818858 52.00846481323242 7726
1576884820237 25.088573455810547 7757
1576884821513 27.888784408569336 7787
1576884822989 -45.25257110595703 7827
1576884824608 74.17236328125 7867
1576884825103 -2.2850635051727295 7869
1576884826395 54.847808837890625 7909
1576884827029 -1.2500847578048706 7917
1576884828414 96.22733306884766 7956
1576884829903 -17.448034286499023 7987
1576884831264 -25.918413162231445 8019
1576884832654 -4.890684127807617 8051
1576884834018 29.701576232910156 8080
1576884835474 30.397499084472656 8112
1576884836912 91.9264907836914 8147
1576884838366 -43.90001678466797 8177
1576884839733 91.10041046142578 8211
1576884841088 34.28956985473633 8241
1576884842551 38.01255416870117 8276
1576884844094 -7.832033634185791 8311
1576884845495 14.678067207336426 8343
1576884846938 65.20052337646484 8375
1576884848173 -35.433685302734375 8403
1576884849628 43.94296646118164 8438
1576884851159 60.755950927734375 8473
1576884852782 98.31819152832031 8512
1576884854276 35.6674690246582 8546
1576884855791 37.59172058105469 8580
1576884857304 -10.974688529968262 8618
1576884858689 -3.1778972148895264 8648
1576884860063 41.78215408325195 8679
1576884861406 -39.991241455078125 8712
1576884863023 59.115413665771484 8751
1576884864504 -43.63401412963867 8783
1576884865956 -9.407711029052734 8816
1576884867319 -3.522737503051758 8848
1576884868833 28.722578048706055 8886
1576884870202 -35.35429763793945 8916
1576884871606 14.826395034790039 8948
1576884873087 -17.678569793701172 8985
1576884874648 -9.517070770263672 9022
1576884876167 -55.09693908691406 9054
1576884877496 -61.43144989013672 9084
1576884878726 -79.42449188232422 9113
1576884880174 -17.416200637817383 9148
1576884881637 -22.327726364135742 9181
1576884883028 30.507362365722656 9214
1576884884520 -46.94229507446289 9247
1576884885841 2.982065200805664 9276
1576884887419 67.48311614990234 9313
1576884888859 0.5094028115272522 9346
1576884890370 123.1395263671875 9384
1576884891901 25.854063034057617 9418
1576884893411 56.2378044128418 9455
1576884894797 12.493730545043945 9484
1576884896333 -13.717177391052246 9520
1576884897767 45.377506256103516 9555
1576884899198 -23.02393913269043 9588
1576884900586 -6.435043811798096 9620
1576884902103 81.81028747558594 9658
1576884903715 -4.193365573883057 9694
1576884905180 -4.880327224731445 9726
1576884906625 -6.064602375030518 9759
1576884908031 21.995824813842773 9790
1576884909354 -22.827478408813477 9820
1576884910753 -14.058135032653809 9851
1576884912135 -23.264686584472656 9884
1576884913639 2.9953970909118652 9920
1576884915269 80.66919708251953 9959
1576884916720 20.79239273071289 9989
1576884918098 -57.64828109741211 10022
1576884919628 102.3736572265625 10060
1576884921265 -5.2803850173950195 10098
1576884922730 -7.479877948760986 10129
1576884924260 62.67152404785156 10167
1576884925765 -11.747735977172852 10204
1576884927138 -53.97502899169922 10235
1576884928526 -70.825927734375 10266
1576884929935 17.366744995117188 10298
1576884931375 -14.183798789978027 10330
1576884932873 6.4775190353393555 10365
1576884934281 -12.742952346801758 10395
1576884935786 -2.716395854949951 10431
1576884937190 34.460205078125 10461
1576884938586 -39.60466766357422 10494
1576884939988 95.58936309814453 10526
1576884941370 37.648353576660156 10558
1576884942850 44.85387420654297 10594
1576884944251 72.06828308105469 10626
1576884945671 44.91465759277344 10658
1576884947189 -9.228952407836914 10692
1576884948487 -71.09954071044922 10720
1576884949947 -10.852190017700195 10754
1576884951514 74.5481948852539 10793
1576884953051 -36.85105895996094 10828
1576884954488 -10.051630973815918 10860
1576884955949 21.820173263549805 10895
1576884957539 77.76522827148438 10934
1576884959030 58.01546859741211 10970
1576884960486 23.432666778564453 11001
1576884961819 16.727630615234375 11030
1576884963189 8.060937881469727 11062
1576884964506 -3.174943447113037 11091
1576884965897 -12.611953735351562 11123
1576884967241 -60.53530502319336 11154
1576884968887 0.5305999517440796 11192
1576884970545 42.942195892333984 11231
1576884972108 21.39398765563965 11267
1576884973572 34.54002380371094 11302
1576884975025 27.81345558166504 11334
1576884976357 0.7455874085426331 11364
1576884977906 -9.181449890136719 11395
1576884979287 4.587707042694092 11426
1576884980786 -17.85167694091797 11466
1576884982376 18.129135131835938 11502
1576884983879 -52.60700988769531 11535
1576884985199 35.63139724731445 11564
1576884986506 -39.2270393371582 11593
1576884987970 36.236732482910156 11625
1576884989475 64.98526763916016 11661
1576884991109 86.9604721069336 11701
1576884991693 -1.6552037000656128 11706
1576884992783 -23.74917221069336 11738
1576884994249 -19.52341079711914 11774
1576884995745 -63.22572708129883 11807
1576884997364 -7.228569984436035 11847
1576884998750 -56.89419937133789 11877
1576885000104 5.582455635070801 11907
1576885001522 -13.99094295501709 11940
1576885003015 3.886080741882324 11973
1576885004443 54.493125915527344 12008
1576885005896 -46.910945892333984 12041
1576885007472 56.169471740722656 12077
1576885009007 38.04449462890625 12114
1576885010597 119.71035766601562 12154
1576885011035 -0.9190837740898132 12155
1576885012257 -48.98295593261719 12190
1576885013607 -55.74687957763672 12221
1576885015131 23.467445373535156 12257
1576885016607 5.10344934463501 12290
1576885018233 13.506462097167969 12328
1576885019745 82.86902618408203 12360
1576885021209 36.83938217163086 12395
1576885022898 183.81143188476562 12435
1576885023447 1.7832560539245605 12441
1576885024556 -1.6062071323394775 12472
1576885026015 -35.78500747680664 12505
1576885027545 49.537803649902344 12540
1576885029148 14.254084587097168 12574
1576885030606 10.295238494873047 12607
1576885031994 46.15380096435547 12641
1576885033564 5.763270854949951 12676
1576885034958 47.200199127197266 12709
1576885036484 -34.22162628173828 12746
1576885037944 -28.506357192993164 12777
1576885039344 -35.92047119140625 12810
1576885040694 -31.276445388793945 12841
1576885042091 -8.312785148620605 12875
1576885043581 74.24469757080078 12913
1576885045079 -7.866560935974121 12946
1576885046673 -17.51011848449707 12984
1576885048118 -32.76362609863281 13017
1576885049577 -31.313369750976562 13052
1576885051041 -19.110057830810547 13084
1576885052740 131.50636291503906 13124
1576885054349 -35.72129821777344 13159
1576885055906 41.474700927734375 13195
1576885057284 -38.19390106201172 13225
1576885058743 -11.75194263458252 13258
1576885060207 -88.56698608398438 13291
1576885061624 -65.0550308227539 13325
1576885063068 44.81391143798828 13358
1576885064577 -5.974355697631836 13395
1576885066184 112.84545135498047 13432
1576885067753 61.476741790771484 13472
1576885068257 -2.8270838260650635 13475
1576885069489 -100.57279968261719 13508
1576885070977 -15.757328987121582 13544
1576885072544 -55.918636322021484 13578
1576885073989 46.43471908569336 13614
1576885075347 -2.4025681018829346 13645
1576885076760 -8.119636535644531 13678
1576885078311 12.532646179199219 13714
1576885079903 10.295449256896973 13748
1576885081594 17.329322814941406 13788
1576885082063 -2.853682518005371 13790
1576885083448 61.965850830078125 13830
1576885084095 -7.8336615562438965 13841
1576885085260 2.224248170852661 13870
1576885086654 -35.75874328613281 13904
1576885087999 -19.208507537841797 13936
1576885089536 62.98462677001953 13976
1576885091171 43.19327926635742 14014
1576885092707 59.557884216308594 14049
1576885094077 -13.50551986694336 14080
1576885095533 62.829994201660156 14112
1576885097126 -24.81630516052246 14150
1576885098639 9.8947172164917 14184
1576885100321 34.47188186645508 14224
1576885101972 12.650605201721191 14258
1576885103342 -42.62053298950195 14289
1576885104723 -19.8648624420166 14320
1576885106263 -48.9578857421875 14357
1576885107879 61.8475227355957 14397
1576885109472 85.62042999267578 14433
1576885111021 23.641437530517578 14469
1576885112480 -71.23045349121094 14501
1576885113922 -16.042062759399414 14535
1576885115323 -1.9577312469482422 14566
1576885116917 11.895625114440918 14602
1576885118385 49.2850341796875 14637
1576885119946 93.20112609863281 14673
1576885121454 -50.55141830444336 14705
1576885122900 -3.4550628662109375 14737
1576885124389 -5.252026557922363 14768
1576885125861 21.949281692504883 14802
1576885127237 -1.680434226989746 14833
1576885128821 12.177946090698242 14869
1576885130368 -8.374868392944336 14905
1576885131915 49.004276275634766 14944
1576885133611 75.65929412841797 14981
1576885135141 -17.0361385345459 15017
1576885136626 -22.821102142333984 15051
1576885138144 4.2707061767578125 15090
1576885139672 -37.85519790649414 15126
1576885141286 -15.532745361328125 15166
1576885142821 -33.52281951904297 15203
1576885144289 -49.19963073730469 15237
1576885145807 53.09288787841797 15275
1576885147381 -21.69896125793457 15310
1576885148883 -15.029657363891602 15344
1576885150476 -9.614887237548828 15382
1576885152005 13.412369728088379 15419
1576885153502 14.371938705444336 15453
1576885155025 12.616765975952148 15488
1576885156501 -0.16428765654563904 15525
1576885158087 -54.44240951538086 15560
1576885159637 -44.908878326416016 15596
1576885161115 23.87571907043457 15630
1576885162524 -64.65160369873047 15662
1576885163911 -7.671821117401123 15690
1576885165311 -15.316375732421875 15724
1576885166681 -5.263396263122559 15754
1576885168094 26.492881774902344 15789
1576885169545 35.15657424926758 15824
1576885170976 58.24372100830078 15858
1576885172604 7.495159149169922 15895
1576885174011 26.77474021911621 15926
1576885175485 105.18378448486328 15964
1576885177032 20.013216018676758 15998
1576885178589 70.88201904296875 16033
1576885180033 50.83732604980469 16065
1576885181498 -5.739495277404785 16097
1576885182992 -0.4603314697742462 16132
1576885184615 26.681108474731445 16172
1576885185102 -2.459101676940918 16174
1576885186391 -96.14411926269531 16207
1576885187861 -52.89846420288086 16239
1576885189471 73.2273941040039 16276
1576885190901 -50.16945266723633 16307
1576885192350 -34.794029235839844 16339
1576885193723 12.590426445007324 16372
1576885195124 1.2357584238052368 16404
1576885196760 -41.34843826293945 16440
1576885198398 -78.94896697998047 16480
1576885198855 -1.6352624893188477 16481
1576885200086 -9.190321922302246 16515
1576885201578 -1.09553861618042 16549
1576885203045 40.487003326416016 16582
1576885204470 72.88623809814453 16616
1576885205843 18.638397216796875 16646
1576885207270 -28.659259796142578 16675
1576885208693 -37.96654510498047 16706
1576885210136 5.935961723327637 16738
1576885211572 99.3152847290039 16772
1576885213186 24.91016960144043 16812
1576885213645 -1.230544924736023 16813
1576885214923 112.45980072021484 16852
1576885216421 16.16886329650879 16888
1576885218011 95.18354034423828 16927
1576885219415 10.072239875793457 16958
1576885220872 10.046910285949707 16993
1576885222433 37.82899856567383 17033
1576885222925 -1.3326081037521362 17034
1576885224149 12.514774322509766 17068
1576885225605 -17.418209075927734 17102
1576885226968 -57.279624938964844 17133
1576885228455 53.766883850097656 17169
1576885229947 -2.1505329608917236 17204
1576885231245 -56.10585021972656 17232
1576885232816 -20.53339195251465 17271
1576885234267 -22.44269371032715 17303
1576885235685 23.136384963989258 17337
1576885237246 90.84544372558594 17377
1576885237850 -1.0070264339447021 17384
1576885239179 13.290342330932617 17423
1576885240796 24.60040283203125 17462
1576885242202 -49.507537841796875 17491
1576885243552 -43.42587661743164 17521
1576885244997 -21.077247619628906 17550
1576885246575 31.001670837402344 17588
1576885248193 13.925240516662598 17628
1576885248973 -5.478362560272217 17645
1576885250261 -58.060211181640625 17680
1576885251807 8.80396842956543 17717
1576885253323 47.09212875366211 17751
1576885254916 71.56670379638672 17791
1576885255514 -2.4752814769744873 17799
1576885256767 50.30195999145508 17834
1576885258355 8.119333267211914 17874
1576885258829 -1.3639771938323975 17875
1576885259923 -39.81025695800781 17907
1576885261327 -1.8722370862960815 17939
1576885262829 -24.000701904296875 17977
1576885264471 -31.53143310546875 18016
1576885266114 18.479719161987305 18055
1576885267791 35.010467529296875 18095
1576885268414 -3.305453062057495 18104
1576885269619 -32.52018356323242 18133
1576885271017 -16.775405883789062 18166
1576885272499 -26.641563415527344 18199
1576885273829 -18.0633487701416 18228
1576885275110 -7.826602935791016 18257
1576885276386 -31.73196029663086 18286
1576885277760 67.44161987304688 18317
1576885279060 -82.26366424560547 18346
1576885280473 -89.1330795288086 18378
1576885281879 -3.977271318435669 18409
1576885283357 26.280540466308594 18443
1576885284864 54.72494888305664 18479
1576885286192 -2.460876941680908 18509
1576885287666 32.175201416015625 18546
1576885289285 -36.6070671081543 18582
1576885290723 19.475826263427734 18614
1576885292248 54.83959197998047 18649
1576885293749 20.58994483947754 18683
1576885295242 75.8781967163086 18717
1576885296715 -19.29127311706543 18751
1576885298158 3.881052017211914 18784
1576885299807 41.20144271850586 18822
1576885301311 -19.715839385986328 18857
1576885302828 79.72026824951172 18892
1576885304231 48.80348587036133 18923
1576885305679 74.7991943359375 18957
1576885307201 2.6412951946258545 18993
1576885308781 20.345876693725586 19028
1576885310248 19.154949188232422 19061
1576885311692 -24.120519638061523 19092
1576885313148 -51.91274642944336 19127
1576885314718 23.08957290649414 19163
1576885316195 -5.4504828453063965 19197
1576885317782 -15.215837478637695 19236
1576885319263 -114.03587341308594 19269
1576885320711 -10.354211807250977 19301
1576885322234 -11.262531280517578 19339
1576885323831 -45.20628356933594 19374
1576885325313 -67.03109741210938 19408
1576885326883 -0.14374616742134094 19440
1576885328278 33.410308837890625 19470
1576885329715 27.608657836914062 19503
1576885331404 81.45616149902344 19543
1576885332952 -2.54130482673645 19578
1576885334560 94.77572631835938 19618
1576885335140 -1.8081109523773193 19623
1576885336370 9.356919288635254 19657
1576885337995 11.059773445129395 19695
1576885339583 17.54330825805664 19730
1576885341207 40.60213088989258 19765
1576885342635 28.994251251220703 19797
1576885344137 -1.1994972229003906 19828
1576885345549 51.82984924316406 19858
1576885347035 -12.692787170410156 19892
1576885348504 -34.66697311401367 19923
1576885349973 -12.22370433807373 19957
1576885351419 -8.883395195007324 19991
1576885352922 1.7637380361557007 20026
1576885354465 60.86802673339844 20062
1576885355978 -21.532066345214844 20094
1576885357307 -75.14913940429688 20122
1576885358744 -44.99335479736328 20157
1576885360342 24.067913055419922 20196
1576885361876 27.069595336914062 20231
1576885363450 9.237411499023438 20267
1576885364923 75.75385284423828 20300
1576885366453 -35.1654167175293 20336
1576885367875 -22.412294387817383 20369
1576885369371 -48.139930725097656 20405
1576885370867 -33.453338623046875 20438
1576885372270 18.8553524017334 20471
1576885373721 -20.936214447021484 20504
1576885375293 54.660789489746094 20541
1576885376758 -55.05880355834961 20573
1576885378171 20.49549102783203 20603
1576885379779 10.903458595275879 20641
1576885381243 32.600162506103516 20674
1576885382670 11.611873626708984 20707
1576885384185 -3.7484090328216553 20741
1576885385797 32.870750427246094 20777
1576885387326 21.83032989501953 20812
1576885388657 -45.26454544067383 20840
1576885390206 64.93523406982422 20876
1576885391760 26.140480041503906 20912
1576885393294 14.729829788208008 20946
1576885394745 -17.625364303588867 20979
1576885396253 -3.017219305038452 21013
1576885397827 176.7922821044922 21051
1576885399355 43.59433364868164 21085
1576885400704 -19.39646339416504 21115
1576885402193 -33.81350326538086 21147
1576885403489 -67.7741470336914 21176
1576885405077 -26.605972290039062 21215
1576885406665 9.523261070251465 21250
1576885408190 -53.5376091003418 21284
1576885409762 -52.33734130859375 21319
1576885411404 -17.825359344482422 21358
1576885412918 -5.634164810180664 21393
1576885414554 85.41123962402344 21432
1576885416108 -73.89224243164062 21464
1576885417681 -10.087834358215332 21499
1576885419213 -1.2161482572555542 21535
1576885420648 8.177739143371582 21568
1576885422257 145.6398468017578 21608
1576885422997 10.42905330657959 21625
1576885424360 22.856216430664062 21663
1576885425796 10.429353713989258 21694
1576885427304 -20.994171142578125 21727
1576885428808 -11.95079517364502 21764
1576885430443 112.02825164794922 21804
1576885430944 -0.9331836700439453 21806
1576885432278 33.83966827392578 21841
1576885433773 70.00563049316406 21876
1576885435292 -26.70674705505371 21912
1576885436876 -37.307159423828125 21948
1576885438382 -15.363226890563965 21982
1576885439808 -37.19504928588867 22013
1576885441300 -3.3058688640594482 22049
1576885442712 30.830123901367188 22080
1576885444170 32.212493896484375 22113
1576885445820 1.320253610610962 22153
1576885446605 20.182697296142578 22168
1576885448033 -40.49064254760742 22208
1576885448512 -2.9579179286956787 22210
1576885449743 66.48676300048828 22246
1576885451382 44.572509765625 22286
1576885452988 33.77885437011719 22326
1576885453607 -0.4929737448692322 22334
1576885454917 54.83931350708008 22372
1576885456433 8.053171157836914 22406
1576885457769 -35.214393615722656 22436
1576885459389 8.490760803222656 22473
1576885460931 -34.36979675292969 22508
1576885462422 -19.95622444152832 22542
1576885464084 37.34333801269531 22582
1576885464550 -1.0956083536148071 22583
1576885465771 -21.675134658813477 22617
1576885467268 -21.44601058959961 22652
1576885468875 1.2651185989379883 22692
1576885469371 -1.76810884475708 22694
1576885470585 0.7070959210395813 22725
1576885472085 -107.88597869873047 22762
1576885473592 5.287191867828369 22795
1576885475085 54.000980377197266 22829
1576885476493 -0.8740103244781494 22863
1576885478008 -49.34975814819336 22896
1576885479500 27.108762741088867 22929
1576885481046 -7.841525554656982 22969
1576885481710 1.106662392616272 22978
1576885483005 37.59284210205078 23013
1576885484482 -42.848201751708984 23045
1576885486079 27.578889846801758 23084
1576885487653 60.299922943115234 23121
1576885489173 -25.592267990112305 23156
1576885490702 17.123811721801758 23190
1576885492173 -12.1506929397583 23224
1576885493767 26.792104721069336 23262
1576885495300 -12.813912391662598 23297
1576885496687 3.0135276317596436 23328
1576885498038 -6.454052925109863 23357
1576885499486 -55.078067779541016 23386
1576885501046 -28.27164649963379 23424
1576885502648 43.74543762207031 23463
1576885504241 -15.498085975646973 23499
1576885505890 72.47358703613281 23539
1576885507381 -48.00119400024414 23571
1576885508890 15.885732650756836 23607
1576885510476 7.562246322631836 23644
1576885511953 54.69324493408203 23678
1576885513630 34.97679901123047 23718
1576885514147 1.8245693445205688 23720
1576885515433 22.8706111907959 23755
1576885516981 22.88843536376953 23791
1576885518461 3.2346436977386475 23823
1576885519996 61.43547439575195 23862
1576885521516 62.331661224365234 23902
1576885523223 41.23180389404297 23942
1576885523705 -1.3728013038635254 23944
1576885524887 -20.500818252563477 23975
1576885526429 -15.110825538635254 24011
1576885527880 -1.4633790254592896 24044
1576885529282 -27.86743927001953 24074
1576885530818 14.906770706176758 24112
1576885532400 -65.2618637084961 24148
1576885533835 -75.64324951171875 24181
1576885535364 -57.34739303588867 24218
1576885536843 -57.00148391723633 24251
1576885538365 29.67435646057129 24288
1576885539864 -9.362412452697754 24322
1576885541295 -1.1425647735595703 24354
1576885542755 -6.862420082092285 24386
1576885544225 32.06806945800781 24421
1576885545739 9.886757850646973 24456
1576885547203 -50.41817092895508 24489
1576885548668 15.617708206176758 24523
1576885550125 11.514473915100098 24555
1576885551548 43.27968978881836 24589
1576885553078 -5.059944152832031 24625
1576885554666 126.31407928466797 24665
1576885555166 0.006660654675215483 24667
1576885556487 19.931167602539062 24701
1576885558059 37.08125686645508 24737
1576885559620 34.993896484375 24774
1576885561227 -17.028305053710938 24809
1576885562815 -0.27139922976493835 24847
1576885564350 -22.343812942504883 24881
1576885565934 -31.983449935913086 24917
1576885567473 6.3015217781066895 24950
1576885568971 5.99778413772583 24984
1576885570480 16.805517196655273 25018
1576885572061 4.241847038269043 25056
1576885573620 0.10713764280080795 25090
1576885575140 -37.48798751831055 25123
1576885576550 12.795368194580078 25158
1576885578129 36.75706100463867 25196
1576885579605 10.770166397094727 25230
1576885581233 59.776695251464844 25269
1576885582765 10.066537857055664 25304
1576885584279 -42.416072845458984 25337
1576885585680 21.70863151550293 25369
1576885587141 -43.10325622558594 25403
1576885588714 40.07414627075195 25439
1576885590380 47.57072830200195 25478
1576885591956 11.128868103027344 25512
1576885593403 -3.619302749633789 25543
1576885594884 -24.984981536865234 25576
1576885596401 13.791450500488281 25609
1576885598062 8.794052124023438 25649
1576885598623 -1.9732074737548828 25653
1576885599814 79.43220520019531 25686
1576885601345 23.091659545898438 25722
1576885602872 -27.00632095336914 25757
1576885604420 110.74864959716797 25797
1576885605011 -0.1183520033955574 25803
1576885606258 18.884618759155273 25839
1576885607786 -42.50248718261719 25873
1576885609127 -15.504084587097168 25903
1576885610633 -12.087456703186035 25943
1576885611170 -1.0293784141540527 25947
1576885612395 -19.216388702392578 25980
1576885613980 35.44993591308594 26020
1576885614573 0.5274592638015747 26029
1576885615764 25.087907791137695 26061
1576885617268 33.57643508911133 26097
1576885618894 25.27974510192871 26133
1576885620491 59.98332214355469 26173
1576885621076 -1.0904841423034668 26178
1576885622316 -35.53204345703125 26213
1576885623927 60.339847564697266 26249
1576885625604 1.0812910795211792 26288
1576885627069 -24.86106300354004 26320
1576885628471 -54.25765609741211 26352
1576885630063 33.33333206176758 26392
1576885630647 -0.49269750714302063 26398
1576885631900 -71.23114013671875 26430
1576885633303 -66.32337188720703 26462
1576885634872 -57.697296142578125 26496
1576885636401 -34.31666946411133 26532
1576885637894 -33.72872543334961 26565
1576885639409 19.7287540435791 26598
1576885641041 88.36532592773438 26637
1576885642579 47.27280807495117 26672
1576885644078 25.341184616088867 26704
1576885645659 -46.2785530090332 26739
1576885647202 42.02471160888672 26774
1576885648680 -6.68764066696167 26809
1576885650232 -1.452449917793274 26845
1576885651743 18.95990562438965 26878
1576885653269 8.66939926147461 26910
1576885654734 17.812129974365234 26942
1576885656230 26.09016990661621 26976
1576885657802 69.14048767089844 27010
1576885659237 52.51071548461914 27044
1576885660654 6.759870529174805 27076
1576885662049 -17.384328842163086 27108
1576885663700 7.234084129333496 27146
1576885665358 -6.371954441070557 27184
1576885666952 41.74064636230469 27224
1576885667660 6.870802879333496 27238
1576885668979 1.4015685319900513 27274
1576885670598 10.981117248535156 27312
1576885672326 27.58403778076172 27352
1576885672832 -1.249464988708496 27354
1576885674034 -44.777347564697266 27387
1576885675640 37.137943267822266 27427
1576885677261 -37.54520034790039 27463
1576885678790 33.22079849243164 27498
1576885680214 -38.1566047668457 27530
1576885681670 23.286693572998047 27562
1576885683210 21.1298828125 27597
1576885684871 -21.660449981689453 27635
1576885686391 -6.469587802886963 27663
1576885687746 10.474494934082031 27694
1576885689149 23.26411247253418 27725
1576885690871 25.56926918029785 27763
1576885692352 -11.070917129516602 27796
1576885693880 -35.07145309448242 27829
1576885695430 -3.252232551574707 27863
1576885696942 -28.35915756225586 27899
1576885698403 -16.870359420776367 27934
1576885699995 28.66639518737793 27969
1576885701515 22.657241821289062 28003
1576885703040 -32.69673156738281 28036
1576885704683 32.04951858520508 28073
1576885706153 19.706432342529297 28105
1576885707683 20.789321899414062 28139
1576885709242 0.008187853731215 28174
1576885710847 38.11952590942383 28214
1576885711437 9.189373016357422 28220
1576885712657 74.56792449951172 28254
1576885714161 34.05752182006836 28287
1576885715886 72.53585815429688 28327
1576885716365 0.2875168025493622 28328
1576885717488 -12.208089828491211 28360
1576885719181 10.924286842346191 28398
1576885720750 22.162508010864258 28434
1576885722259 20.484371185302734 28468
1576885723795 5.431061744689941 28504
1576885725424 33.588172912597656 28543
1576885726984 15.273847579956055 28582
1576885728545 -15.843741416931152 28616
1576885730004 -24.25539779663086 28648
1576885731574 -39.5467529296875 28684
1576885733269 -34.37298583984375 28724
1576885734775 -50.93761444091797 28759
1576885736253 -16.39739418029785 28791
1576885737709 -55.263790130615234 28826
1576885739266 1.0271457433700562 28862
1576885740945 44.67283630371094 28899
1576885742483 -15.473187446594238 28934
1576885743924 -38.07249450683594 28963
1576885745526 71.18547821044922 29003
1576885747143 10.08366584777832 29040
1576885748567 -14.949434280395508 29072
1576885750145 77.19548797607422 29111
1576885751667 -18.779428482055664 29146
1576885753089 12.295995712280273 29177
1576885754736 44.580223083496094 29217
1576885755274 0.41010814905166626 29218
1576885756547 68.43851470947266 29254
1576885758156 107.64196014404297 29293
1576885759555 -14.84469985961914 29323
1576885761006 17.1583251953125 29357
1576885762539 34.709693908691406 29390
1576885763968 9.737415313720703 29422
1576885765450 19.37544822692871 29458
1576885767002 10.932974815368652 29496
1576885768547 44.9162483215332 29532
1576885770152 8.62215805053711 29570
1576885771829 34.61069869995117 29610
1576885773398 -23.888643264770508 29649
1576885775061 31.192537307739258 29687
1576885776769 -2.589048385620117 29726
1576885778306 -15.957194328308105 29763
1576885792573 -67.79203796386719 29790
1576885794090 5.925448417663574 29825
1576885795632 2.8972318172454834 29862
1576885797231 -32.052581787109375 29897
1576885798707 27.82235336303711 29929
1576885800167 -8.438328742980957 29965
1576885801621 13.790108680725098 29999
1576885803047 6.530903339385986 30031
1576885804515 -19.547748565673828 30067
1576885806008 -55.44432067871094 30101
1576885807625 -8.488319396972656 30141
1576885808371 6.5184454917907715 30156
1576885809615 -85.56745147705078 30186
1576885811189 51.35993576049805 30226
1576885811758 2.053147792816162 30231
1576885812992 0.42209669947624207 30265
1576885814534 -8.042360305786133 30300
1576885816023 52.61376190185547 30333
1576885817596 78.29012298583984 30370
1576885819051 14.699301719665527 30403
1576885820531 20.23276710510254 30438
1576885822098 -29.575096130371094 30475
1576885823539 -53.4228401184082 30509
1576885825029 -25.21293830871582 30542
1576885826667 56.01177978515625 30581
1576885828140 -34.19755172729492 30614
1576885829630 -11.323188781738281 30646
1576885831068 -4.113250255584717 30678
1576885832452 32.59904479980469 30709
1576885833973 34.51716232299805 30745
1576885835615 19.607023239135742 30780
1576885837026 -27.44963264465332 30813
1576885838495 46.63114929199219 30847
1576885839981 30.47995376586914 30882
1576885841682 23.75639533996582 30919
1576885843331 -2.9390785694122314 30956
1576885844963 -31.233537673950195 30995
1576885846510 31.74304962158203 31030
1576885848098 42.685203552246094 31070
1576885849614 -26.81749725341797 31103
1576885851093 16.28697395324707 31140
1576885852572 12.972915649414062 31176
1576885854064 -60.725425720214844 31211
1576885855517 31.162885665893555 31243
1576885857041 101.48283386230469 31282
1576885858635 -1.3345142602920532 31318
1576885860183 26.569316864013672 31355
1576885861678 6.198983669281006 31389
1576885863154 -26.963623046875 31424
1576885864651 -4.96881628036499 31457
1576885866077 -45.535091400146484 31491
1576885867689 4.563537120819092 31527
1576885869083 38.62253189086914 31561
1576885870559 -12.448140144348145 31595
1576885871992 -50.77365493774414 31627
1576885873429 2.707599639892578 31661
1576885874876 -4.152551651000977 31695
1576885876386 32.544044494628906 31733
1576885878096 78.87261962890625 31772
1576885879704 65.35079956054688 31810
1576885881098 -44.96099090576172 31843
1576885882482 -16.666629791259766 31873
1576885883865 22.383703231811523 31903
1576885885378 -6.039505958557129 31939
1576885886970 -0.17875389754772186 31977
1576885888516 -13.128421783447266 32010
1576885890077 6.232598304748535 32046
1576885891497 -28.376779556274414 32078
1576885892876 63.65766143798828 32108
1576885894390 62.79935836791992 32148
1576885894866 -0.36516454815864563 32149
1576885896111 26.637725830078125 32184
1576885897640 0.006590181961655617 32218
1576885899252 -30.374380111694336 32254
1576885900823 66.57250213623047 32294
1576885901367 0.05966785550117493 32297
1576885902730 -11.319510459899902 32333
1576885904223 -9.040295600891113 32365
1576885905706 6.5543670654296875 32400
1576885907248 -29.9811954498291 32435
1576885908790 18.354124069213867 32468
1576885910174 12.249998092651367 32499
1576885911703 52.57563018798828 32535
1576885913214 30.928512573242188 32571
1576885914801 -21.61605453491211 32609
1576885916313 25.442846298217773 32645
1576885917745 -29.19512176513672 32678
1576885919242 -39.25486755371094 32710
1576885920787 -43.548927307128906 32745
1576885922206 -24.594579696655273 32776
1576885923761 26.585859298706055 32814
1576885925178 4.175020694732666 32845
1576885926765 29.59811019897461 32883
1576885928385 1.3742738962173462 32920
1576885929830 -51.6953239440918 32954
1576885931283 17.422008514404297 32986
1576885932809 17.21696662902832 33019
1576885934274 -5.329906463623047 33053
1576885935678 34.80703353881836 33085
1576885937240 -3.1163275241851807 33122
1576885938709 30.31099510192871 33157
1576885940203 -29.60367202758789 33193
1576885941686 48.03500747680664 33227
1576885943149 4.961947441101074 33261
1576885944587 41.22243118286133 33294
1576885946087 29.04962730407715 33333
1576885947613 -34.17530822753906 33367
1576885949038 6.499985218048096 33400
1576885950404 3.8928897380828857 33428
1576885951876 -9.944591522216797 33459
1576885953418 21.08759307861328 33497
1576885955008 65.70813751220703 33536
1576885956432 -2.5718207359313965 33567
1576885957863 37.156490325927734 33602
1576885959354 -7.697050094604492 33635
1576885960825 -108.27548217773438 33666
1576885962307 -1.5736799240112305 33698
1576885963961 -24.57452964782715 33738
1576885965498 -40.002525329589844 33773
1576885967032 -0.3451758623123169 33808
1576885968632 21.88467788696289 33846
1576885970079 4.282979965209961 33879
1576885971465 -19.010269165039062 33913
1576885973057 16.611583709716797 33953
1576885973584 0.783204197883606 33956
1576885974856 -9.758155822753906 33990
1576885976276 -12.504366874694824 34021
1576885977757 -10.190085411071777 34055
1576885979235 41.930015563964844 34090
1576885980907 42.447261810302734 34122
1576885982455 19.523649215698242 34155
1576885984042 -3.539391040802002 34192
1576885985548 -40.59709167480469 34227
1576885987071 3.984110116958618 34262
1576885988447 -46.99134063720703 34295
1576885989959 -20.506656646728516 34330
1576885991556 71.46918487548828 34365
