1576884484015 25.722209930419922 30
1576884485388 43.94529342651367 61
1576884486703 31.04480743408203 91
1576884488132 37.44435119628906 124
1576884489587 26.331567764282227 162
1576884490976 29.754161834716797 192
1576884492364 29.10578727722168 227
1576884493782 39.62179183959961 260
1576884495117 20.706829071044922 290
1576884496360 22.05743980407715 318
1576884497780 31.3114013671875 350
1576884499231 36.52519607543945 382
1576884500800 43.95765686035156 420
1576884502402 30.561079025268555 453
1576884503912 35.45015335083008 486
1576884505237 18.136032104492188 515
1576884506537 28.632335662841797 546
1576884507934 51.039024353027344 580
1576884509465 41.0455322265625 618
1576884510984 50.13663101196289 654
1576884512309 39.44700622558594 685
1576884513688 27.992006301879883 717
1576884514953 33.363040924072266 746
1576884516440 16.763879776000977 783
1576884517791 11.306807518005371 812
1576884519039 17.355615615844727 842
1576884520459 25.96410369873047 876
1576884521898 19.543481826782227 911
1576884523316 14.846555709838867 942
1576884524652 8.371661186218262 973
1576884526077 17.614395141601562 1007
1576884527384 8.559355735778809 1036
1576884528670 2.715121030807495 1065
1576884530047 5.0108184814453125 1095
1576884531525 18.3303165435791 1131
1576884532791 3.1395175457000732 1160
1576884534163 4.3231096267700195 1192
1576884535664 8.633875846862793 1231
1576884537237 30.668943405151367 1271
1576884537660 0.07687355577945709 1272
1576884538838 8.634806632995605 1305
1576884540284 14.668787002563477 1339
1576884541758 15.652336120605469 1377
1576884543145 2.235386848449707 1410
1576884544641 19.778825759887695 1449
1576884546030 6.4482502937316895 1479
1576884547335 4.924892902374268 1510
1576884548606 3.0382871627807617 1540
1576884549881 3.1410655975341797 1570
1576884551282 2.814812421798706 1599
1576884552918 10.644664764404297 1632
1576884554503 2.534759283065796 1661
1576884555988 3.329258918762207 1690
1576884557308 1.9244019985198975 1718
1576884558551 2.491746664047241 1746
1576884560050 7.2289533615112305 1786
1576884560540 0.49910634756088257 1789
1576884561720 2.615010976791382 1825
1576884563250 10.919401168823242 1861
1576884564700 4.526197910308838 1893
1576884565993 6.175305366516113 1922
1576884567396 4.290922164916992 1955
1576884568691 3.781973123550415 1985
1576884570105 4.081254959106445 2018
1576884571493 4.791956424713135 2051
1576884572875 5.238414764404297 2083
1576884574229 2.5588603019714355 2112
1576884575535 3.594027042388916 2142
1576884577026 6.681600570678711 2175
1576884578450 3.8338425159454346 2208
1576884579843 4.750798225402832 2240
1576884581329 5.0162529945373535 2276
1576884582748 3.292938232421875 2310
1576884584138 2.2314860820770264 2343
1576884585641 4.033243179321289 2380
1576884587258 4.1995158195495605 2420
1576884587739 0.24669910967350006 2422
1576884588866 4.637228012084961 2451
1576884590159 1.9073290824890137 2481
1576884591469 5.45456600189209 2510
1576884592837 1.9756141901016235 2542
1576884594203 3.7843034267425537 2572
1576884595581 2.909169912338257 2607
1576884596939 3.3492298126220703 2637
1576884598259 2.675976514816284 2668
1576884599563 3.3819656372070312 2697
1576884600973 2.945345163345337 2727
1576884602398 3.264728307723999 2761
1576884603822 3.4832401275634766 2792
1576884605180 3.3555824756622314 2824
1576884606665 5.872075080871582 2861
1576884607944 4.112788200378418 2889
1576884609337 4.381879806518555 2921
1576884610648 2.522585391998291 2953
1576884612153 3.2774152755737305 2987
1576884613538 2.184969663619995 3018
1576884614905 7.162215232849121 3051
1576884616346 3.4963104724884033 3084
1576884617896 3.3276419639587402 3124
1576884618494 1.0147602558135986 3131
1576884619712 8.088885307312012 3166
1576884621148 2.8961727619171143 3197
1576884622738 26.93301773071289 3237
1576884623157 0.08583847433328629 3238
1576884624251 3.553093671798706 3267
1576884625528 2.994358539581299 3297
1576884626840 3.0232911109924316 3327
1576884628328 7.849872589111328 3362
1576884629901 6.15839147567749 3399
1576884631381 4.516080379486084 3433
1576884632816 13.27778148651123 3468
1576884634365 11.85605525970459 3505
1576884635916 5.5627875328063965 3541
1576884637430 9.032264709472656 3575
1576884638811 3.843885660171509 3606
1576884640168 3.000519275665283 3635
1576884641422 5.043858528137207 3665
1576884642684 1.3415069580078125 3694
1576884643989 2.9048683643341064 3723
1576884645335 4.929519176483154 3753
1576884646615 3.598940134048462 3783
1576884647860 2.426334857940674 3811
1576884649130 2.636228084564209 3839
1576884650608 5.247382640838623 3875
1576884651989 4.5821003913879395 3904
1576884653368 11.302830696105957 3939
1576884654819 7.770971775054932 3972
1576884656149 4.68453311920166 4001
1576884657526 3.0888216495513916 4033
1576884658946 5.361380577087402 4066
1576884660350 2.6151015758514404 4099
1576884661651 3.621842622756958 4130
1576884663015 3.7757787704467773 4157
1576884664454 5.344761848449707 4190
1576884666007 4.986543655395508 4227
1576884667500 2.729193925857544 4264
1576884669172 3.563605785369873 4304
1576884670532 3.026754140853882 4333
1576884671862 3.1334218978881836 4365
1576884673297 2.894716262817383 4396
1576884674832 4.976113319396973 4435
1576884676391 12.282411575317383 4471
1576884677844 4.356998920440674 4502
1576884679322 2.0304598808288574 4538
1576884680731 4.218837738037109 4568
1576884682223 5.314712047576904 4605
1576884683583 2.893523693084717 4636
1576884684936 2.500061273574829 4668
1576884686159 2.936969518661499 4695
1576884687452 3.465872287750244 4724
1576884688750 2.0565602779388428 4753
1576884690210 3.355402946472168 4790
1576884691623 2.1902077198028564 4824
1576884693074 5.779313087463379 4858
1576884694424 2.1821682453155518 4889
1576884695850 2.7961490154266357 4922
1576884697165 3.7694640159606934 4952
1576884698530 5.175460338592529 4983
1576884699911 2.980877161026001 5013
1576884701298 2.4567999839782715 5044
1576884702560 6.523002624511719 5072
1576884704109 6.24205207824707 5112
1576884704694 0.39369940757751465 5119
1576884705841 3.5140907764434814 5149
1576884707125 1.8521661758422852 5178
1576884708456 2.6588571071624756 5207
1576884709736 4.11737060546875 5235
1576884711192 5.861445903778076 5269
1576884712619 5.860567569732666 5303
1576884714095 3.1404800415039062 5338
1576884715637 3.636474609375 5372
1576884717057 2.1181068420410156 5407
1576884718402 2.119047164916992 5438
1576884719756 3.593079090118408 5470
1576884721177 4.006988525390625 5501
1576884722623 6.822755813598633 5536
1576884723978 2.5254669189453125 5567
1576884725294 3.3760690689086914 5597
1576884726667 2.778503179550171 5629
1576884728036 2.35067081451416 5660
1576884729588 10.052125930786133 5700
1576884730080 0.1603747308254242 5703
1576884731278 2.941206216812134 5735
1576884732722 2.3577277660369873 5766
1576884734072 3.98384428024292 5795
1576884735367 6.369941711425781 5824
1576884736720 2.3070292472839355 5854
1576884738203 5.7138566970825195 5888
1576884739850 16.952531814575195 5928
1576884740283 0.12757058441638947 5929
1576884741478 2.756622791290283 5961
1576884743031 9.689451217651367 5998
1576884744513 3.814115524291992 6033
1576884745916 2.344546318054199 6066
1576884747344 2.8581063747406006 6099
1576884748687 2.680907726287842 6128
1576884750199 5.489866256713867 6164
1576884751682 12.08657455444336 6199
1576884753108 3.6502349376678467 6231
1576884754476 5.102456092834473 6262
1576884755882 7.6686811447143555 6296
1576884757328 2.091625690460205 6329
1576884758788 2.6363003253936768 6363
1576884760203 5.009134292602539 6394
1576884761748 2.2657113075256348 6431
1576884763124 4.405416488647461 6462
1576884764437 1.677734375 6492
1576884765901 9.643763542175293 6526
1576884767387 9.3541841506958 6562
1576884768842 1.5902880430221558 6592
1576884770196 4.015749454498291 6622
1576884771506 3.0779969692230225 6651
1576884772768 5.410451412200928 6680
1576884774262 24.040475845336914 6716
1576884775625 5.22792387008667 6748
1576884777023 4.070740222930908 6778
1576884778429 3.5650742053985596 6812
1576884780003 3.25117826461792 6846
1576884781370 2.1330678462982178 6878
1576884782690 3.5793700218200684 6910
1576884784029 3.1286561489105225 6940
1576884785398 2.701138496398926 6971
1576884786823 2.532365322113037 7002
1576884788216 6.376792907714844 7033
1576884789698 3.5434601306915283 7066
1576884791314 5.970823287963867 7104
1576884792676 2.471518039703369 7133
1576884794264 2.8338794708251953 7168
1576884795611 1.7248034477233887 7199
1576884796952 4.4553446769714355 7230
1576884798394 1.5297504663467407 7264
1576884799678 2.155277967453003 7292
1576884801000 2.459745407104492 7322
1576884802626 2.938796281814575 7362
1576884803389 2.121461868286133 7377
1576884804742 7.080417156219482 7409
1576884806045 2.2834181785583496 7437
1576884807331 1.8585151433944702 7467
1576884808736 3.5276808738708496 7499
1576884810046 6.781401634216309 7528
1576884811606 2.862339735031128 7566
1576884813013 6.4530205726623535 7596
1576884814466 3.2797186374664307 7630
1576884815806 3.5770695209503174 7659
1576884817224 2.022367238998413 7690
1576884818838 5.337136268615723 7726
1576884820207 2.4306814670562744 7757
1576884821492 2.7457919120788574 7787
1576884822968 4.5020928382873535 7827
1576884824583 7.232845783233643 7867
1576884825065 0.2636193633079529 7869
1576884826338 3.9953062534332275 7909
1576884827001 0.03853870928287506 7917
1576884828394 11.092328071594238 7956
1576884829880 2.725226402282715 7987
1576884831243 2.468724012374878 8019
1576884832633 1.8813899755477905 8051
1576884833997 2.51788330078125 8080
1576884835453 2.970539093017578 8112
1576884836892 8.046686172485352 8147
1576884838345 2.730455160140991 8177
1576884839712 12.095335006713867 8211
1576884841063 4.747848033905029 8241
1576884842530 4.300012111663818 8276
1576884844072 1.571126103401184 8311
1576884845474 2.0475971698760986 8343
1576884846917 5.998719692230225 8375
1576884848152 3.034893274307251 8403
1576884849607 4.194706439971924 8438
1576884851138 6.188844680786133 8473
1576884852753 8.958932876586914 8512
1576884854248 2.2137937545776367 8546
1576884855770 4.246854782104492 8580
1576884857283 3.225900888442993 8618
1576884858668 2.078629970550537 8648
1576884860041 4.812063217163086 8679
1576884861385 4.538271427154541 8712
1576884863001 6.952058792114258 8751
1576884864483 3.836637020111084 8783
1576884865930 4.139608860015869 8816
1576884867288 2.973996877670288 8848
1576884868797 4.1873884201049805 8886
1576884870180 3.931466817855835 8916
1576884871585 2.890627145767212 8948
1576884873065 6.219137191772461 8985
1576884874627 1.9236620664596558 9022
1576884876146 3.517185688018799 9054
1576884877474 5.652436256408691 9084
1576884878705 8.729524612426758 9113
1576884880148 1.7338200807571411 9148
1576884881616 4.197060585021973 9181
1576884883007 2.6834568977355957 9214
1576884884499 4.372657775878906 9247
1576884885819 3.1783151626586914 9276
1576884887391 8.59461784362793 9313
1576884888837 2.4698524475097656 9346
1576884890349 12.735589027404785 9384
1576884891879 3.4787025451660156 9418
1576884893389 4.817669868469238 9455
1576884894776 2.802882671356201 9484
1576884896307 2.8289785385131836 9520
1576884897739 5.0156049728393555 9555
1576884899177 3.106264591217041 9588
1576884900564 1.7498207092285156 9620
1576884902075 7.809471130371094 9658
1576884903686 2.1290197372436523 9694
1576884905152 1.7393685579299927 9726
1576884906598 2.4149770736694336 9759
1576884908009 3.2605397701263428 9790
1576884909332 2.8226850032806396 9820
1576884910733 2.4025237560272217 9851
1576884912114 2.658094882965088 9884
1576884913607 3.330937623977661 9920
1576884915236 6.849845886230469 9959
1576884916699 2.7340304851531982 9989
1576884918076 4.711304187774658 10022
1576884919606 8.782743453979492 10060
1576884921243 3.0666184425354004 10098
1576884922708 1.409859299659729 10129
1576884924239 6.43109130859375 10167
1576884925743 3.6573054790496826 10204
1576884927116 5.844069957733154 10235
1576884928504 7.300811290740967 10266
1576884929914 2.362792730331421 10298
1576884931345 2.589261293411255 10330
1576884932842 3.560256004333496 10365
1576884934259 1.7347739934921265 10395
1576884935755 2.1300148963928223 10431
1576884937168 4.453359603881836 10461
1576884938564 3.9323272705078125 10494
1576884939967 10.23222541809082 10526
1576884941348 3.456965923309326 10558
1576884942819 3.2162253856658936 10594
1576884944229 6.498433589935303 10626
1576884945649 5.065789222717285 10658
1576884947167 2.5404672622680664 10692
1576884948465 8.037421226501465 10720
1576884949925 3.623322010040283 10754
1576884951492 7.657511234283447 10793
1576884953028 2.646559476852417 10828
1576884954454 1.5944876670837402 10860
1576884955919 2.2388980388641357 10895
1576884957517 6.584700107574463 10934
1576884959008 4.524316787719727 10970
1576884960463 2.370821237564087 11001
1576884961796 2.528958797454834 11030
1576884963167 4.027125835418701 11062
1576884964484 2.2113394737243652 11091
1576884965875 2.781672716140747 11123
1576884967220 6.015941619873047 11154
1576884968864 1.916442632675171 11192
1576884970510 6.670270919799805 11231
1576884972079 5.4507365226745605 11267
1576884973550 3.273963212966919 11302
1576884975002 2.7343106269836426 11334
1576884976334 1.9243017435073853 11364
1576884977884 2.7460196018218994 11395
1576884979265 1.2436201572418213 11426
1576884980763 2.915065050125122 11466
1576884982353 2.211768865585327 11502
1576884983853 4.441060543060303 11535
1576884985177 3.8741767406463623 11564
1576884986482 3.2487683296203613 11593
1576884987948 2.417452096939087 11625
1576884989453 5.321933746337891 11661
1576884991077 8.193254470825195 11701
1576884991660 0.26653140783309937 11706
1576884992760 2.412179470062256 11738
1576884994226 1.6472837924957275 11774
1576884995717 6.290552139282227 11807
1576884997322 2.493039846420288 11847
1576884998728 6.949965476989746 11877
1576885000076 1.9669145345687866 11907
1576885001499 2.2889153957366943 11940
1576885002992 3.5853452682495117 11973
1576885004419 6.639580726623535 12008
1576885005865 4.4025959968566895 12041
1576885007428 5.069362640380859 12077
1576885008964 3.2235054969787598 12114
1576885010569 12.55907917022705 12154
1576885010990 0.0840364471077919 12155
1576885012234 4.551754951477051 12190
1576885013585 5.069427490234375 12221
1576885015099 2.6370458602905273 12257
1576885016584 4.18697452545166 12290
1576885018205 1.8687536716461182 12328
1576885019716 7.162480354309082 12360
1576885021186 2.975283622741699 12395
1576885022866 30.694456100463867 12435
1576885023407 0.10015631467103958 12441
1576885024524 2.0454225540161133 12472
1576885025992 2.9560205936431885 12505
1576885027522 6.519286632537842 12540
1576885029126 1.6477774381637573 12574
1576885030583 3.07141375541687 12607
1576885031972 3.9644179344177246 12641
1576885033533 1.810030221939087 12676
1576885034932 2.969944953918457 12709
1576885036462 5.418215274810791 12746
1576885037921 1.8039610385894775 12777
1576885039321 3.4383645057678223 12810
1576885040671 2.908989667892456 12841
1576885042054 4.04744815826416 12875
1576885043559 8.3754301071167 12913
1576885045056 3.197580575942993 12946
1576885046650 2.433187484741211 12984
1576885048095 3.307180404663086 13017
1576885049554 2.7790346145629883 13052
1576885051003 2.2049806118011475 13084
1576885052717 15.052335739135742 13124
1576885054325 3.259338617324829 13159
1576885055874 3.633561611175537 13195
1576885057255 2.1455483436584473 13225
1576885058719 2.2716927528381348 13258
1576885060184 9.147481918334961 13291
1576885061601 5.574413299560547 13325
1576885063045 2.8941383361816406 13358
1576885064551 4.093923568725586 13395
1576885066161 13.192572593688965 13432
1576885067730 4.65294075012207 13472
1576885068217 0.35738834738731384 13475
1576885069466 9.408690452575684 13508
1576885070947 3.0715861320495605 13544
1576885072522 4.685288906097412 13578
1576885073966 4.913019180297852 13614
1576885075324 3.732794761657715 13645
1576885076736 3.5971193313598633 13678
1576885078282 4.571427345275879 13714
1576885079878 3.265031099319458 13748
1576885081571 3.2602250576019287 13788
1576885082025 0.2715469002723694 13790
1576885083424 5.302455425262451 13830
1576885084072 0.8620721697807312 13841
1576885085237 0.8314065933227539 13870
1576885086621 4.519277572631836 13904
1576885087976 2.19486403465271 13936
1576885089511 6.147933006286621 13976
1576885091138 3.370187520980835 14014
1576885092684 4.162358283996582 14049
1576885094053 1.7077150344848633 14080
1576885095491 5.9342241287231445 14112
1576885097099 6.3707075119018555 14150
1576885098610 2.279120445251465 14184
1576885100297 3.3024752140045166 14224
1576885101946 2.2501800060272217 14258
1576885103318 4.4904351234436035 14289
1576885104690 1.9592609405517578 14320
1576885106234 5.853734970092773 14357
1576885107848 4.63239860534668 14397
1576885109440 8.448187828063965 14433
1576885110988 4.148622035980225 14469
1576885112448 6.821496963500977 14501
1576885113899 1.5520738363265991 14535
1576885115292 1.6657800674438477 14566
1576885116893 2.956252098083496 14602
1576885118352 5.376888751983643 14637
1576885119889 9.851773262023926 14673
1576885121431 4.260995388031006 14705
1576885122876 1.188632845878601 14737
1576885124360 1.7990444898605347 14768
1576885125837 1.3774943351745605 14802
1576885127213 0.8384840488433838 14833
1576885128797 1.7148624658584595 14869
1576885130333 1.640830397605896 14905
1576885131890 4.723246097564697 14944
1576885133584 8.632463455200195 14981
1576885135118 3.056462526321411 15017
1576885136602 1.797203779220581 15051
1576885138120 2.0560383796691895 15090
1576885139648 4.052154064178467 15126
1576885141253 1.3920643329620361 15166
1576885142787 2.5935652256011963 15203
1576885144265 5.117959022521973 15237
1576885145773 7.277395248413086 15275
1576885147354 1.6841024160385132 15310
1576885148860 1.964489459991455 15344
1576885150452 1.5978279113769531 15382
1576885151981 1.5749309062957764 15419
1576885153478 1.374820351600647 15453
1576885155001 3.513312339782715 15488
1576885156477 2.615216016769409 15525
1576885158063 4.88293981552124 15560
1576885159613 3.7389721870422363 15596
1576885161091 1.432616949081421 15630
1576885162490 6.252607822418213 15662
1576885163887 1.3713546991348267 15690
1576885165286 2.038641929626465 15724
1576885166657 1.900516152381897 15754
1576885168061 1.6359961032867432 15789
1576885169521 3.061742067337036 15824
1576885170952 5.470190048217773 15858
1576885172580 2.0080056190490723 15895
1576885173980 2.713095188140869 15926
1576885175461 10.202461242675781 15964
1576885177008 1.8801237344741821 15998
1576885178555 4.9820380210876465 16033
1576885180009 5.216690540313721 16065
1576885181473 2.189487934112549 16097
1576885182968 1.2391467094421387 16132
1576885184591 1.853590488433838 16172
1576885185062 0.31066495180130005 16174
1576885186350 11.162928581237793 16207
1576885187837 4.6602582931518555 16239
1576885189445 8.007030487060547 16276
1576885190877 6.345527648925781 16307
1576885192326 2.186586618423462 16339
1576885193683 1.5385526418685913 16372
1576885195099 1.2178900241851807 16404
1576885196735 2.6421148777008057 16440
1576885198374 7.48599100112915 16480
1576885198814 0.1885915994644165 16481
1576885200061 1.746366024017334 16515
1576885201545 1.1366074085235596 16549
1576885203015 3.303473949432373 16582
1576885204433 7.8399152755737305 16616
1576885205819 1.7029705047607422 16646
1576885207245 1.9139970541000366 16675
1576885208655 3.703707695007324 16706
1576885210111 1.734321117401123 16738
1576885211546 11.318517684936523 16772
1576885213161 2.0116970539093018 16812
1576885213595 0.14833952486515045 16813
1576885214898 12.725173950195312 16852
1576885216390 1.5722265243530273 16888
1576885217987 8.964444160461426 16927
1576885219390 2.1627848148345947 16958
1576885220847 1.4725801944732666 16993
1576885222409 2.0845768451690674 17033
1576885222884 0.17179599404335022 17034
1576885224124 2.9100587368011475 17068
1576885225580 2.263319730758667 17102
1576885226943 4.9865264892578125 17133
1576885228422 7.122808933258057 17169
1576885229923 1.9720734357833862 17204
1576885231221 4.653717517852783 17232
1576885232792 2.3753371238708496 17271
1576885234243 1.5380789041519165 17303
1576885235660 1.2789158821105957 17337
1576885237214 9.933034896850586 17377
1576885237818 0.07762206345796585 17384
1576885239154 4.025063991546631 17423
1576885240771 2.503649950027466 17462
1576885242168 3.612191915512085 17491
1576885243527 3.2936363220214844 17521
1576885244961 1.794710636138916 17550
1576885246538 2.849928140640259 17588
1576885248167 2.7770814895629883 17628
1576885248948 0.5037944912910461 17645
1576885250236 6.70378303527832 17680
1576885251777 1.4913463592529297 17717
1576885253290 3.6144089698791504 17751
1576885254886 5.95286226272583 17791
1576885255489 0.16028904914855957 17799
1576885256742 5.92924690246582 17834
1576885258321 1.6871455907821655 17874
1576885258779 0.2765328288078308 17875
1576885259899 4.114457607269287 17907
1576885261291 1.0822380781173706 17939
1576885262804 2.355316400527954 17977
1576885264440 3.0784544944763184 18016
1576885266077 1.9917128086090088 18055
1576885267755 1.9142359495162964 18095
1576885268390 0.22776098549365997 18104
1576885269590 2.67722487449646 18133
1576885270988 2.0860848426818848 18166
1576885272430 2.358069896697998 18199
1576885273795 0.8951969742774963 18228
1576885275085 1.6009265184402466 18257
1576885276361 2.6379952430725098 18286
1576885277721 4.83945369720459 18317
1576885279035 8.393479347229004 18346
1576885280446 8.722054481506348 18378
1576885281854 1.6360005140304565 18409
1576885283331 3.1639323234558105 18443
1576885284835 4.009698390960693 18479
1576885286166 1.4217854738235474 18509
1576885287631 2.3761749267578125 18546
1576885289258 2.8602328300476074 18582
1576885290698 3.8921518325805664 18614
1576885292222 5.662640571594238 18649
1576885293720 2.341564416885376 18683
1576885295217 6.215619087219238 18717
1576885296690 1.5022695064544678 18751
1576885298133 2.2529759407043457 18784
1576885299782 2.2413711547851562 18822
1576885301286 1.2814403772354126 18857
1576885302800 9.868937492370605 18892
1576885304198 3.663991928100586 18923
1576885305653 6.216277599334717 18957
1576885307171 2.3008005619049072 18993
1576885308747 2.756270408630371 19028
1576885310222 2.4688518047332764 19061
1576885311655 2.603548765182495 19092
1576885313123 4.818273544311523 19127
1576885314682 1.9673030376434326 19163
1576885316167 1.4653370380401611 19197
1576885317752 4.289035797119141 19236
1576885319233 13.074620246887207 19269
1576885320680 2.2861380577087402 19301
1576885322208 3.2237489223480225 19339
1576885323803 2.5792107582092285 19374
1576885325287 6.316280364990234 19408
1576885326848 2.336808443069458 19440
1576885328244 3.5718929767608643 19470
1576885329681 2.2408852577209473 19503
1576885331378 6.179851055145264 19543
1576885332926 1.8704774379730225 19578
1576885334535 9.091224670410156 19618
1576885335087 0.05831235274672508 19623
1576885336341 1.520067811012268 19657
1576885337967 2.4721524715423584 19695
1576885339546 2.62705659866333 19730
1576885341181 3.868833303451538 19765
1576885342609 2.561073064804077 19797
1576885344111 1.7054219245910645 19828
1576885345523 4.39145565032959 19858
1576885347010 1.381285309791565 19892
1576885348474 2.2777822017669678 19923
1576885349947 1.5199435949325562 19957
1576885351395 3.192326784133911 19991
1576885352893 1.624619483947754 20026
1576885354439 5.009957313537598 20062
1576885355949 2.8485379219055176 20094
1576885357280 7.27997350692749 20122
1576885358718 4.079944610595703 20157
1576885360317 2.7824490070343018 20196
1576885361848 2.4167685508728027 20231
1576885363423 2.7308199405670166 20267
1576885364895 6.447866916656494 20300
1576885366417 4.727086544036865 20336
1576885367849 1.5072277784347534 20369
1576885369345 3.2285714149475098 20405
1576885370822 3.5617470741271973 20438
1576885372244 1.7678146362304688 20471
1576885373693 3.8198978900909424 20504
1576885375266 3.7846367359161377 20541
1576885376730 4.245933532714844 20573
1576885378145 1.564274549484253 20603
1576885379751 1.6867178678512573 20641
1576885381217 3.5222415924072266 20674
1576885382644 1.6195876598358154 20707
1576885384158 1.3876361846923828 20741
1576885385758 3.037264823913574 20777
1576885387300 2.4772558212280273 20812
1576885388625 3.625220775604248 20840
1576885390178 4.7428741455078125 20876
1576885391733 1.178812026977539 20912
1576885393264 2.135474681854248 20946
1576885394715 2.289108991622925 20979
1576885396222 1.7940692901611328 21013
1576885397802 27.047704696655273 21051
1576885399329 3.673988103866577 21085
1576885400678 1.368665337562561 21115
1576885402158 2.095909833908081 21147
1576885403463 5.395077705383301 21176
1576885405042 2.7840335369110107 21215
1576885406639 1.6605106592178345 21250
1576885408138 4.174036979675293 21284
1576885409735 3.3072683811187744 21319
1576885411377 1.3347432613372803 21358
1576885412892 2.0762903690338135 21393
1576885414509 7.71090841293335 21432
1576885416081 7.114384651184082 21464
1576885417654 1.140032172203064 21499
1576885419178 1.993284821510315 21535
1576885420620 0.9266434907913208 21568
1576885422231 21.32436180114746 21608
1576885422962 1.022565245628357 21625
1576885424334 2.1703522205352783 21663
1576885425766 1.313826560974121 21694
1576885427278 1.778526782989502 21727
1576885428782 1.760265588760376 21764
1576885430406 11.677530288696289 21804
1576885430892 0.03915463387966156 21806
1576885432252 2.632593870162964 21841
1576885433743 7.983771324157715 21876
1576885435261 1.5709779262542725 21912
1576885436849 2.599015951156616 21948
1576885438355 1.9773849248886108 21982
1576885439781 2.6497790813446045 22013
1576885441264 2.5928757190704346 22049
1576885442681 2.221604585647583 22080
1576885444139 1.9080798625946045 22113
1576885445778 0.6131442785263062 22153
1576885446578 3.353771924972534 22168
1576885447997 3.015444755554199 22208
1576885448465 0.3873288631439209 22210
1576885449709 6.785872459411621 22246
1576885451356 3.6026437282562256 22286
1576885452955 2.160653591156006 22326
1576885453580 0.2210574448108673 22334
1576885454890 4.270283222198486 22372
1576885456406 1.5622104406356812 22406
1576885457743 4.587092399597168 22436
1576885459354 1.5888103246688843 22473
1576885460903 4.060678005218506 22508
1576885462390 2.348177194595337 22542
1576885464057 5.502959728240967 22582
1576885464502 0.09979072213172913 22583
1576885465744 2.0659215450286865 22617
1576885467227 2.19523286819458 22652
1576885468845 1.6910147666931152 22692
1576885469314 0.17715215682983398 22694
1576885470546 2.252692461013794 22725
1576885472059 15.653464317321777 22762
1576885473565 0.8727074861526489 22795
1576885475058 5.230227470397949 22829
1576885476465 1.876430869102478 22863
1576885477933 3.9516427516937256 22896
1576885479461 4.979193687438965 22929
1576885481017 0.6711903214454651 22969
1576885481676 0.07260486483573914 22978
1576885482978 3.8878231048583984 23013
1576885484453 3.1242706775665283 23045
1576885486047 2.9535813331604004 23084
1576885487626 5.08186149597168 23121
1576885489140 1.867382526397705 23156
1576885490675 3.355771541595459 23190
1576885492144 2.986420154571533 23224
1576885493736 2.7006213665008545 23262
1576885495262 1.292911171913147 23297
1576885496660 5.0166192054748535 23328
1576885498011 1.1330864429473877 23357
1576885499459 5.509382724761963 23386
1576885501018 2.8509714603424072 23424
1576885502613 2.248100996017456 23463
1576885504208 2.2862601280212402 23499
1576885505864 6.792147636413574 23539
1576885507353 5.213588714599609 23571
1576885508862 0.7661476135253906 23607
1576885510441 1.395371437072754 23644
1576885511924 5.715749740600586 23678
1576885513603 2.2186620235443115 23718
1576885514096 0.12968118488788605 23720
1576885515406 2.724602699279785 23755
1576885516954 1.7212049961090088 23791
1576885518434 1.3027410507202148 23823
1576885519969 6.1482415199279785 23862
1576885521489 6.199377536773682 23902
1576885523181 3.2266759872436523 23942
1576885523662 0.11508570611476898 23944
1576885524860 2.509979486465454 23975
1576885526340 1.152544617652893 24011
1576885527852 1.4171770811080933 24044
1576885529246 2.2646749019622803 24074
1576885530790 1.3674875497817993 24112
1576885532374 6.285696029663086 24148
1576885533807 7.763968467712402 24181
1576885535334 4.737238883972168 24218
1576885536806 3.89422345161438 24251
1576885538338 2.737224578857422 24288
1576885539836 3.184788703918457 24322
1576885541265 1.9488098621368408 24354
1576885542711 1.4535350799560547 24386
1576885544198 3.0783729553222656 24421
1576885545688 1.2484478950500488 24456
1576885547176 5.209254264831543 24489
1576885548640 1.3934804201126099 24523
1576885550098 2.0542430877685547 24555
1576885551518 3.2629151344299316 24589
1576885553049 2.273001194000244 24625
1576885554632 16.476926803588867 24665
1576885555114 0.0005821789964102209 24667
1576885556427 4.079929351806641 24701
1576885558028 3.305077314376831 24737
1576885559592 2.684960126876831 24774
1576885561199 1.5425528287887573 24809
1576885562787 2.387603521347046 24847
1576885564319 2.6686511039733887 24881
1576885565906 2.2978274822235107 24917
1576885567445 1.281299114227295 24950
1576885568943 1.6448242664337158 24984
1576885570434 2.589350938796997 25018
1576885572030 0.88357013463974 25056
1576885573587 0.986861526966095 25090
1576885575112 3.7554526329040527 25123
1576885576523 1.3103554248809814 25158
1576885578102 3.6344144344329834 25196
1576885579577 1.695965051651001 25230
1576885581205 5.540834903717041 25269
1576885582736 3.212160110473633 25304
1576885584243 4.776662349700928 25337
1576885585652 1.5742130279541016 25369
1576885587106 4.252389430999756 25403
1576885588682 4.682849884033203 25439
1576885590340 6.42824125289917 25478
1576885591927 2.919189214706421 25512
1576885593364 3.6300766468048096 25543
1576885594841 4.984482765197754 25576
1576885596370 1.7733962535858154 25609
1576885598034 1.3054401874542236 25649
1576885598566 0.09843390434980392 25653
1576885599787 9.090073585510254 25686
1576885601305 0.9726749658584595 25722
1576885602841 2.772228956222534 25757
1576885604391 13.629794120788574 25797
1576885604936 0.04647035524249077 25803
1576885606222 1.404193639755249 25839
1576885607750 3.7500531673431396 25873
1576885609096 1.6037920713424683 25903
1576885610604 2.0313758850097656 25943
1576885611114 0.060090210288763046 25947
1576885612367 1.0805449485778809 25980
1576885613944 4.2122344970703125 26020
1576885614543 0.11256757378578186 26029
1576885615735 3.33133602142334 26061
1576885617240 2.5141818523406982 26097
1576885618865 3.3104941844940186 26133
1576885620463 6.058417320251465 26173
1576885621020 0.056860316544771194 26178
1576885622288 3.868342161178589 26213
1576885623899 4.925050735473633 26249
1576885625563 2.593027353286743 26288
1576885627041 2.116783618927002 26320
1576885628440 4.669439315795898 26352
1576885630035 3.6111416816711426 26392
1576885630594 0.053709786385297775 26398
1576885631865 7.677357196807861 26430
1576885633253 8.34728717803955 26462
1576885634802 5.724452018737793 26496
1576885636373 3.2277634143829346 26532
1576885637865 3.062861442565918 26565
1576885639380 2.74168062210083 26598
1576885641012 9.471023559570312 26637
1576885642550 4.686332702636719 26672
1576885644049 1.7523810863494873 26704
1576885645631 3.7088048458099365 26739
1576885647167 3.105149745941162 26774
1576885648640 2.9576659202575684 26809
1576885650204 2.3009796142578125 26845
1576885651714 2.671370506286621 26878
1576885653240 1.2852466106414795 26910
1576885654699 1.9476957321166992 26942
1576885656202 1.6609210968017578 26976
1576885657774 10.89892864227295 27010
1576885659205 7.2535505294799805 27044
1576885660625 2.3929646015167236 27076
1576885662017 4.539124965667725 27108
1576885663662 2.5518951416015625 27146
1576885665327 2.6253914833068848 27184
1576885666924 5.814386367797852 27224
1576885667631 0.6001105904579163 27238
1576885668926 1.353135347366333 27274
1576885670552 1.299320936203003 27312
1576885672297 4.68418025970459 27352
1576885672777 0.1050647497177124 27354
1576885674005 4.619959354400635 27387
1576885675611 4.488983154296875 27427
1576885677217 3.7463326454162598 27463
1576885678761 2.5472328662872314 27498
1576885680165 5.232300281524658 27530
1576885681622 2.9831056594848633 27562
1576885683181 2.268617868423462 27597
1576885684807 2.164323568344116 27635
1576885686361 0.6088210344314575 27663
1576885687717 1.6387312412261963 27694
1576885689119 1.7447333335876465 27725
1576885690842 4.211028575897217 27763
1576885692323 2.4630112648010254 27796
1576885693851 3.7082712650299072 27829
1576885695400 1.820038914680481 27863
1576885696910 2.830440044403076 27899
1576885698370 2.524785280227661 27934
1576885699958 2.7856733798980713 27969
1576885701481 3.0478506088256836 28003
1576885702996 4.044004440307617 28036
1576885704635 2.639948844909668 28073
1576885706115 2.342587947845459 28105
1576885707651 2.0611915588378906 28139
1576885709207 2.278299331665039 28174
1576885710796 4.1485137939453125 28214
1576885711393 1.5508289337158203 28220
1576885712617 10.142692565917969 28254
1576885714132 4.298737525939941 28287
1576885715844 10.689903259277344 28327
1576885716307 0.0068037244491279125 28328
1576885717456 1.8028874397277832 28360
1576885719152 5.954698085784912 28398
1576885720707 1.990370273590088 28434
1576885722229 1.7133862972259521 28468
1576885723766 1.8061314821243286 28504
1576885725394 3.0349488258361816 28543
1576885726934 1.7222882509231567 28582
1576885728507 2.6314470767974854 28616
1576885729972 3.4700546264648438 28648
1576885731538 9.133988380432129 28684
1576885733232 3.327141523361206 28724
1576885734745 6.497312068939209 28759
1576885736207 2.419384241104126 28791
1576885737669 5.849674701690674 28826
1576885739236 2.795708179473877 28862
1576885740916 4.931743144989014 28899
1576885742447 2.7968060970306396 28934
1576885743891 4.84502649307251 28963
1576885745496 6.625726222991943 29003
1576885747100 2.2243921756744385 29040
1576885748534 1.1910525560379028 29072
1576885750116 14.911581993103027 29111
1576885751637 2.9559624195098877 29146
1576885753052 1.397881031036377 29177
1576885754705 2.778573989868164 29217
1576885755216 0.01742667146027088 29218
1576885756518 9.24987506866455 29254
1576885758126 16.904382705688477 29293
1576885759525 2.1911113262176514 29323
1576885760973 2.072275161743164 29357
1576885762511 4.8391642570495605 29390
1576885763938 2.353707790374756 29422
1576885765420 2.3115720748901367 29458
1576885766972 1.7583742141723633 29496
1576885768503 4.066464424133301 29532
1576885770122 3.5177359580993652 29570
1576885771799 2.920682907104492 29610
1576885773368 3.6261725425720215 29649
1576885775031 4.0757155418396 29687
1576885776738 1.0589022636413574 29726
1576885778272 3.410017728805542 29763
1576885792545 8.645247459411621 29790
1576885794060 2.5696492195129395 29825
1576885795591 1.4806408882141113 29862
1576885797200 4.678061008453369 29897
1576885798636 2.7739310264587402 29929
1576885800137 1.6407654285430908 29965
1576885801579 2.936166286468506 29999
1576885803017 1.6571424007415771 30031
1576885804476 2.656515121459961 30067
1576885805978 7.2686238288879395 30101
1576885807594 1.1240211725234985 30141
1576885808340 0.5482865571975708 30156
1576885809560 13.588748931884766 30186
1576885811156 5.307596683502197 30226
1576885811701 0.16435225307941437 30231
1576885812961 1.5449987649917603 30265
1576885814505 1.34886634349823 30300
1576885815993 6.299407482147217 30333
1576885817557 9.548667907714844 30370
1576885819021 2.1868393421173096 30403
1576885820502 1.702911138534546 30438
1576885822065 2.8156211376190186 30475
1576885823510 6.224334239959717 30509
1576885824998 2.4753799438476562 30542
1576885826630 4.727809429168701 30581
1576885828109 3.1300742626190186 30614
1576885829576 1.9795856475830078 30646
1576885831038 2.1948611736297607 30678
1576885832421 4.394722938537598 30709
1576885833932 4.070921897888184 30745
1576885835585 3.2670717239379883 30780
1576885836991 2.1284937858581543 30813
1576885838461 7.648324489593506 30847
1576885839950 2.9856014251708984 30882
1576885841651 3.8402323722839355 30919
1576885843300 1.1034133434295654 30956
1576885844933 1.7937138080596924 30995
1576885846474 5.523998737335205 31030
1576885848051 4.335241794586182 31070
1576885849582 3.4082868099212646 31103
1576885851049 1.4672441482543945 31140
1576885852526 1.6078740358352661 31176
1576885854026 8.263562202453613 31211
1576885855484 2.8304011821746826 31243
1576885857000 23.40841293334961 31282
1576885858605 1.3666709661483765 31318
1576885860148 1.7235150337219238 31355
1576885861634 0.9598082900047302 31389
1576885863115 2.2601685523986816 31424
1576885864613 3.345656156539917 31457
1576885866042 6.59169340133667 31491
1576885867649 1.4949527978897095 31527
1576885869053 4.6214518547058105 31561
1576885870506 2.6538562774658203 31595
1576885871946 4.197251319885254 31627
1576885873391 1.3938319683074951 31661
1576885874847 5.326812267303467 31695
1576885876355 2.9758222103118896 31733
1576885878065 14.080192565917969 31772
1576885879657 8.962980270385742 31810
1576885881068 4.1393938064575195 31843
1576885882451 2.249677896499634 31873
1576885883835 2.528892755508423 31903
1576885885347 2.5627129077911377 31939
1576885886922 3.144963502883911 31977
1576885888484 1.313072919845581 32010
1576885890046 1.902726411819458 32046
1576885891467 2.300802707672119 32078
1576885892845 8.844537734985352 32108
1576885894359 7.193823337554932 32148
1576885894816 0.02224239706993103 32149
1576885896079 3.2117810249328613 32184
1576885897567 1.0624983310699463 32218
1576885899203 4.985482692718506 32254
1576885900787 6.848644733428955 32294
1576885901301 0.01699889451265335 32297
1576885902687 1.1692273616790771 32333
1576885904192 3.9236648082733154 32365
1576885905671 1.7281125783920288 32400
1576885907217 3.944249391555786 32435
1576885908759 1.810102105140686 32468
1576885910143 3.4075815677642822 32499
1576885911672 6.158751010894775 32535
1576885913180 2.1028947830200195 32571
1576885914770 3.5297563076019287 32609
1576885916238 1.702366590499878 32645
1576885917700 2.3591654300689697 32678
1576885919208 5.222501277923584 32710
1576885920743 5.275922775268555 32745
1576885922174 3.8929800987243652 32776
1576885923730 2.848003387451172 32814
1576885925137 2.8938047885894775 32845
1576885926734 2.8774945735931396 32883
1576885928353 0.9964017868041992 32920
1576885929799 4.908902168273926 32954
1576885931251 2.3018927574157715 32986
1576885932775 1.7937121391296387 33019
1576885934242 1.0960625410079956 33053
1576885935644 6.342676162719727 33085
1576885937198 2.254913091659546 33122
1576885938678 3.048201560974121 33157
1576885940172 4.1711883544921875 33193
1576885941642 5.026093006134033 33227
1576885943117 2.3034462928771973 33261
1576885944556 5.381866455078125 33294
1576885946055 5.614542007446289 33333
1576885947575 2.349581480026245 33367
1576885949002 1.381998062133789 33400
1576885950374 1.4254966974258423 33428
1576885951833 1.801815390586853 33459
1576885953386 4.4114990234375 33497
1576885954959 10.276351928710938 33536
1576885956401 1.420178771018982 33567
1576885957810 2.869964361190796 33602
1576885959323 0.8691299557685852 33635
1576885960776 17.076549530029297 33666
1576885962275 1.2453218698501587 33698
1576885963927 5.03706693649292 33738
1576885965456 5.145653247833252 33773
1576885966990 1.3705259561538696 33808
1576885968594 2.733675003051758 33846
1576885970047 2.411947727203369 33879
1576885971434 3.5005674362182617 33913
1576885973026 1.5410330295562744 33953
1576885973531 0.02136356011033058 33956
1576885974816 2.4126486778259277 33990
1576885976244 0.7857279181480408 34021
1576885977718 1.5427862405776978 34055
1576885979189 4.278622627258301 34090
1576885980867 4.291563510894775 34122
1576885982424 1.9891494512557983 34155
1576885983961 1.4980040788650513 34192
1576885985509 3.7148234844207764 34227
1576885987040 1.0450106859207153 34262
1576885988413 5.485991954803467 34295
1576885989907 2.1293959617614746 34330
1576885991524 10.86396598815918 34365
