1576885993700 0.0662899197175585 0
1576885994955 0.16255813517740794 1
1576885996366 0.33326949179172516 2
1576885997774 0.4891471844730955 3
1576885999248 0.7101751123413895 4
1576886000451 0.9031710603407451 5
1576886001919 1.1040835777918498 6
1576886003347 1.3752158470451832 7
1576886004918 1.6631820459623594 8
1576886006467 1.8062487840652466 9
1576886007943 2.3393810879100454 10
1576886009267 2.639557107289632 11
1576886010949 2.1636033116317375 12
1576886012372 3.308843099709713 13
1576886013546 3.6449264067190663 14
1576886014861 3.145077746489952 15
1576886016105 3.242408514022827 16
1576886017521 2.581888932734728 17
1576886018829 2.776351417813982 18
1576886020142 2.4678158799807233 19
1576886021492 2.1809807658195495 20
1576886022877 1.9672303308140149 21
1576886024173 2.0451109250386557 22
1576886025593 1.7286706115260269 23
1576886026985 1.869458003838857 24
1576886028179 1.8895346522331238 25
1576886029481 1.6942612608273824 26
1576886030785 1.7370569149653117 27
1576886032178 1.5751773503518873 28
1576886033732 1.5617908117098687 29
1576886035148 1.679521174141855 30
1576886036565 1.8383480348894674 31
1576886038107 1.6625822863063298 32
1576886039534 2.1157256811857224 33
1576886040804 2.426284087555749 34
1576886042106 2.360977288087209 35
1576886043347 2.0704598920098665 36
1576886044665 2.2601329485575357 37
1576886045992 2.286135770380497 38
1576886047485 2.1851546015058245 39
1576886048852 2.611979927867651 40
1576886050131 2.344161087069018 41
1576886051605 2.7005986010327057 42
1576886053141 2.2720918485096524 43
1576886054580 2.3548748095830283 44
1576886055921 2.4710699319839478 45
1576886057637 2.2418459043270205 46
1576886059248 2.053799577661463 47
1576886060620 2.379115608430678 48
1576886062066 2.3201965297971454 49
1576886063499 2.2440644572762882 50
1576886064819 2.379460088411967 51
1576886066204 2.3453260226683184 52
1576886067538 2.320438047250112 53
1576886068813 2.2398026982943215 54
1576886070164 2.48705712556839 55
1576886071691 2.1151819162898593 56
1576886073173 2.139406313498815 57
1576886074632 2.174348173719464 58
1576886075888 2.246737742424011 59
1576886077432 2.2534176820033305 60
1576886078955 2.18747289557206 61
1576886080190 2.630131277544745 62
1576886081557 2.577001117890881 63
1576886082954 2.549946231000564 64
1576886084420 2.689743038486032 65
1576886085882 2.9852727723844126 66
1576886087331 2.447453574222677 67
1576886089014 2.716732820868492 68
1576886090511 2.626425726073129 69
1576886091928 2.4336429978861953 70
1576886093360 2.7017688597402265 71
1576886094704 2.823450630710971 72
1576886096185 2.598840454045464 73
1576886098383 1.9017619176914817 74
1576886099641 2.826917397564855 75
1576886101106 2.6447967038010107 76
1576886102626 2.4690251963479177 77
1576886104075 2.71609506186317 78
1576886105498 2.3944674441308686 79
1576886107005 2.493470893965827 80
1576886108446 2.1018890792673286 81
1576886110029 2.372936893153835 82
1576886111543 2.2281573481029935 83
1576886112883 2.005281615641809 84
1576886114261 2.2780924774706364 85
1576886115732 1.91969136280172 86
1576886117152 2.264461349695921 87
1576886118704 2.294706106185913 88
1576886120176 2.2303618228796758 89
1576886121534 2.0910970121622086 90
1576886123099 2.4728722671667733 91
1576886124493 2.4764844104647636 92
1576886126400 2.3504652906031835 93
1576886127756 2.4441450798150264 94
1576886129183 2.3877130466348984 95
1576886130559 2.704957463524558 96
1576886131942 2.861488706925336 97
1576886133419 2.834590451584922 98
1576886134937 2.7422663089301853 99
1576886136362 3.003948986530304 100
1576886137733 2.728918938075795 101
1576886139223 2.921039975050724 102
1576886140483 2.795166381474199 103
1576886141858 2.977992534637451 104
1576886143201 2.4761868928159987 105
1576886144793 2.2965577277872296 106
1576886146234 1.8359744022874271 107
1576886147749 1.7306832790374755 108
1576886149075 1.952769967817491 109
1576886150562 1.6369420062093174 110
1576886152079 1.866409783854204 111
1576886153462 1.8919245842844248 112
1576886154909 1.8528111920212254 113
1576886156353 2.2072091102600098 114
1576886157635 1.829439107577006 115
1576886159051 2.3985392162876744 116
1576886160508 2.0734279360622168 117
1576886161877 2.2238698793995764 118
1576886163085 2.6388899087905884 119
1576886164410 2.7137456632429555 120
1576886165805 2.69654774315217 121
1576886167217 2.5969768166542053 122
1576886168849 2.527639375283168 123
1576886170451 2.155786987982298 124
1576886171882 2.3812213750446545 125
1576886173371 2.699647160137401 126
1576886174591 2.652521424823337 127
1576886176067 2.4605092189528723 128
1576886177519 2.315606977000381 129
1576886178903 2.587269775569439 130
1576886180114 2.6300238724108094 131
1576886181512 2.2839853420402063 132
1576886183036 1.8383441277912684 133
1576886185095 1.6699893001247854 134
1576886186454 2.3089771111806234 135
1576886187754 2.7054192136835167 136
1576886189106 2.83035131039158 137
1576886190361 2.7641311185113313 138
1576886191828 1.9607369712420872 139
1576886193222 2.0261453606865625 140
1576886194754 2.171573514288122 141
1576886196210 2.0451351783492346 142
1576886197563 2.147777873894264 143
1576886199107 2.0635406970977783 144
1576886200555 2.3560490574155537 145
1576886202050 2.1465897454934963 146
1576886203620 2.4819131353322197 147
1576886205041 2.436804920434952 148
1576886206482 2.666731160134077 149
1576886207788 2.6099259812256386 150
1576886209195 2.6511191483587027 151
1576886210557 2.371991531054179 152
1576886211883 2.581484478095482 153
1576886213411 2.0679525528635296 154
1576886214935 1.9927447846957616 155
1576886216472 1.783394156678303 156
1576886217910 2.064542829990387 157
1576886219334 2.2411829720843923 158
1576886220800 2.355683640071324 159
1576886222176 2.1814130467753254 160
1576886223717 2.220044737060865 161
1576886225269 2.4944293463931366 162
1576886226714 1.7185613475739956 163
1576886228237 2.165908832209451 164
1576886230375 1.3609082947828268 165
1576886232178 2.139345728026496 166
1576886233677 2.4268467840221195 167
1576886235098 2.6296337135136127 168
1576886236887 2.750043937563896 169
1576886238445 2.8046095539362 170
1576886240196 2.4050930425524712 171
1576886241609 2.432667192290811 172
1576886243101 2.897093629837036 173
1576886244705 2.765155416268569 174
1576886246387 2.555939710257869 175
1576886247831 2.6979653940481296 176
1576886249293 2.796059660839312 177
1576886250844 2.7285387764374414 178
1576886252748 2.358832445255546 179
1576886254191 2.9063740618088665 180
1576886255625 3.367622379333742 181
1576886257034 2.8653492086073933 182
1576886258780 2.615249601006508 183
1576886260181 2.3443757523508633 184
1576886261601 2.463579903630649 185
1576886262995 2.0511229571067924 186
1576886264469 2.4238919370314655 187
1576886265853 2.4213946786793796 188
1576886267315 2.612373948097229 189
1576886268778 2.3750272357102595 190
1576886270300 2.067270764046245 191
1576886271775 2.5815423943779687 192
1576886273055 2.3783468663692475 193
1576886274609 2.6679264654715857 194
1576886276018 1.9505366052900042 195
1576886277468 2.380190981156898 196
1576886278869 2.3264823503354015 197
1576886280346 2.7820409185746136 198
1576886281771 2.6087399143161196 199
1576886283268 2.7336087090628487 200
1576886284788 2.4676531669166355 201
1576886286376 2.7611364846428237 202
1576886287731 2.6216068979232543 203
1576886289026 2.5724366204491975 204
1576886290528 3.081976631108452 205
1576886291945 2.662912953644991 206
1576886293552 2.5503948973981956 207
1576886295082 2.7261203908258014 208
1576886296694 1.8716742353219735 209
1576886298047 2.192665378252665 210
1576886299579 2.196057026726859 211
1576886301115 2.258328246103751 212
1576886302699 2.2172870426564604 213
1576886304132 2.897459814042756 214
1576886305756 2.7041326366566323 215
1576886307165 2.7369459506237144 216
1576886308934 2.722335634753108 217
1576886310427 3.0463055805726484 218
1576886312148 2.5912249490618704 219
1576886313636 2.6951460281593933 220
1576886315131 2.873947158881596 221
1576886316637 3.0985497949939025 222
1576886318136 3.4050702946526665 223
1576886319493 4.0825681447982785 224
1576886321065 2.7099328392591233 225
1576886322507 3.0830823853611946 226
1576886324339 2.087633101399555 227
1576886325710 2.393585154504487 228
1576886327279 1.6543781260649364 229
1576886328714 2.0074859436820534 230
1576886330456 1.8948237985372542 231
1576886332004 1.7274068578293449 232
1576886333527 1.7947012499759072 233
1576886334979 2.5383685616885914 234
1576886336657 2.4036008047090993 235
1576886338095 2.56845418250922 236
1576886339931 2.5567243903182275 237
1576886341479 2.7213135847919867 238
1576886342876 3.12985554151237 239
1576886344406 2.3714519458658554 240
1576886345789 2.66083313479568 241
1576886347308 2.69783445085798 242
1576886348681 2.8568460326040945 243
1576886350144 2.467592767056297 244
1576886351898 2.4914752486206235 245
1576886353319 2.2541835173483817 246
1576886354646 1.806161509406182 247
1576886356170 1.9559855345222685 248
1576886357600 2.2126842103898525 249
1576886358963 1.8584270236953613 250
1576886360318 2.056844554344813 251
1576886361879 2.2443261593580246 252
1576886363410 1.9165135146798313 253
1576886364923 2.414959333645992 254
1576886366226 2.6267130240317313 255
1576886367721 3.251508015574831 256
1576886369256 2.9206906504490795 257
1576886370780 2.779393558993059 258
1576886372320 2.9344251223972866 259
1576886373792 2.872723311185837 260
1576886375176 3.1059892512857914 261
1576886376720 2.63316444669451 262
1576886378291 2.205991610492531 263
1576886379857 2.4376126105586686 264
1576886381201 1.9174193870276213 265
1576886382620 2.2487869224240704 266
1576886384300 2.0770442378826632 267
1576886385687 1.7539544850587845 268
1576886387203 1.901714311291774 269
1576886388709 2.271266520023346 270
1576886390246 2.239156144696313 271
1576886392148 2.3000270578455417 272
1576886393519 3.116174578666687 273
1576886394901 2.9762673108808455 274
1576886396254 3.2739661559462547 275
1576886397634 3.2016472604966935 276
1576886399105 3.0026172329397762 277
1576886400730 2.4807357979126468 278
1576886402573 2.56189414356337 279
1576886404115 2.275392756268785 280
1576886405516 2.867350984364748 281
1576886407074 2.2062250400746337 282
1576886408436 2.486694810968457 283
1576886409853 2.154949336340933 284
1576886411275 2.677794184535742 285
1576886412570 1.9406023530229446 286
1576886414040 2.4064559630445532 287
1576886415405 2.8077853052846846 288
1576886416979 2.7346233361297183 289
1576886418595 2.5275791991088123 290
1576886419994 2.89108469709754 291
1576886421353 2.926896854358561 292
1576886422798 2.920181006193161 293
1576886424263 2.3623939617113634 294
1576886425840 2.568531040634428 295
1576886427679 2.62289173972039 296
1576886429141 2.352432794868946 297
1576886430484 2.493432561556498 298
1576886431933 2.4185686390846968 299
1576886433790 2.002591230156945 300
1576886435193 1.657773989252746 301
1576886436585 1.869675781690713 302
1576886438438 1.9861145615577698 303
1576886439969 1.8261202914374215 304
1576886442197 1.9668899710271872 305
1576886443739 2.3735958112252726 306
1576886445130 2.21079959062969 307
1576886446447 2.204486745019113 308
1576886447908 2.132437041029334 309
1576886449355 2.2984574455203433 310
1576886450859 2.280296150091532 311
1576886452326 2.1227831770392025 312
1576886453971 2.2584230964248246 313
1576886455380 2.5252186246216297 314
1576886456881 2.6369532777203455 315
1576886458301 2.3016765226017344 316
1576886459691 2.62520534676664 317
1576886461205 2.9435128183925854 318
1576886463060 2.3968558245826337 319
1576886464526 3.0597952532045767 320
1576886466222 2.3140128791332244 321
1576886467814 2.349663837535961 322
1576886469244 2.480225780430962 323
1576886470625 2.588370934609444 324
1576886472280 2.6288274350838785 325
1576886473799 2.414140652965855 326
1576886475406 2.7132093780919124 327
1576886476881 2.6577550087656294 328
1576886478421 2.3540446242770634 329
1576886479895 2.3975881040096283 330
1576886481404 2.6816989691818462 331
1576886482881 2.2409029438307413 332
1576886484347 2.6319567362467446 333
1576886485807 2.5726183183265454 334
1576886487425 2.80170468059746 335
1576886489026 2.6795623271893234 336
1576886490429 3.0214397835009024 337
1576886491859 2.8777324191985594 338
1576886493282 2.9399427957832813 339
1576886494771 2.723058266075034 340
1576886496193 2.60198768414557 341
1576886497606 2.561076334028533 342
1576886499093 2.543584485848745 343
1576886500622 2.5478643344508276 344
1576886502114 2.373157389461994 345
1576886503452 2.6032338477671146 346
1576886505041 2.280632863576348 347
1576886506499 2.105946662751111 348
1576886508102 2.614928960800171 349
1576886509766 2.4615405288181806 350
1576886511248 2.3230654329061506 351
1576886512673 2.0160447435994304 352
1576886514082 2.191873191855848 353
1576886515646 2.572457184394201 354
1576886517299 2.6172810854055943 355
1576886518768 2.8983241139036235 356
1576886520290 2.852302200264401 357
1576886521667 2.6014700811356306 358
1576886523182 2.0697245918628244 359
1576886524724 2.703845146540049 360
1576886526194 2.5792466359479085 361
1576886527601 2.5539456140249968 362
1576886528903 2.5493864936213337 363
1576886530324 2.648709474131465 364
1576886531679 3.4250133752822878 365
1576886533203 2.5699260766441756 366
1576886534806 2.472873614446537 367
1576886536305 2.5166956551613344 368
1576886537691 1.8687372130878044 369
1576886539251 2.354573907170977 370
1576886540766 2.143885314464569 371
1576886542343 1.9375704368086237 372
1576886543801 2.3692320304758407 373
1576886545287 2.1677585542201996 374
1576886546791 2.470278064117712 375
1576886548162 2.321936011314392 376
1576886549703 2.4057835152044014 377
1576886551225 2.401462583882468 378
1576886552685 2.56442974914204 379
1576886554419 2.354020688543096 380
1576886555857 2.574032987985346 381
1576886557433 3.127218441830741 382
1576886558974 3.1282204056487366 383
1576886560534 2.9586047348048954 384
1576886561967 3.2078740416151104 385
1576886563536 2.825036774906847 386
1576886565231 2.694119211789724 387
1576886566647 2.566893938815955 388
1576886568462 2.4712464875746063 389
1576886569900 1.82466674934734 390
1576886571418 2.1283657776342855 391
1576886572886 2.0420216936053652 392
1576886574358 2.3213462145889507 393
1576886576103 1.6632089766440914 394
1576886577593 1.898228393282209 395
1576886579081 1.8335862811654806 396
1576886580527 2.271027664343516 397
1576886581953 1.9040587684687447 398
1576886583417 2.099291893568906 399
1576886585106 2.1838513552569427 400
1576886586496 1.8070922532351688 401
1576886588108 2.4736805104483395 402
1576886589890 2.616971152584727 403
1576886591399 3.0191119348301605 404
1576886592792 3.242791064083576 405
1576886594329 3.640436936827267 406
1576886595865 3.0345323857139137 407
1576886597398 3.055153967653002 408
1576886598858 2.5683045509983513 409
1576886600336 2.1947582761446633 410
1576886601889 2.690786619396771 411
1576886603462 2.592124874393145 412
1576886605230 2.380113410949707 413
1576886606714 2.415514619061441 414
1576886608229 2.5762318540364504 415
1576886609791 2.438825517500702 416
1576886611234 2.420005025342107 417
1576886612698 2.8076684872309365 418
1576886614045 2.1436616995117883 419
1576886615559 2.6714114734104704 420
1576886616969 2.152610656093149 421
1576886618372 2.3430039347971188 422
1576886620004 2.70552752721004 423
1576886621843 2.2857030820919246 424
1576886623184 2.050277195149852 425
1576886625019 1.6650627422190847 426
1576886626491 2.863669404212166 427
1576886627862 2.456496110185981 428
1576886629481 2.278946613162957 429
1576886630855 2.3487565147465674 430
1576886632336 1.9936732082494668 431
1576886633807 2.599085917978576 432
1576886635372 2.3337615893946753 433
1576886636918 2.753727146807839 434
1576886638494 2.5858444690704347 435
1576886640166 2.7416854375287105 436
1576886641816 2.4027254518709684 437
1576886643389 2.702468146880468 438
1576886645031 2.8539517167452217 439
1576886646675 2.6777673049976953 440
1576886648149 2.4912294379125037 441
1576886649640 2.5663184353283475 442
1576886651017 2.611533323302865 443
1576886652473 2.6916839209469883 444
1576886653920 2.829712824387984 445
1576886655352 2.498956993687898 446
1576886656959 2.5886455743263164 447
1576886658357 2.5712094613483973 448
1576886659894 2.459933110757878 449
1576886661232 2.429683819413185 450
1576886662720 2.3322966300389347 451
1576886664222 3.048613531721963 452
1576886665777 2.3187569562877925 453
1576886667285 2.6781955108498083 454
1576886668750 2.549229435622692 455
1576886670126 2.6120309114456175 456
1576886671600 2.342458442730062 457
1576886673003 2.255577852044787 458
1576886674556 2.609081110533546 459
1576886676000 2.231100609758869 460
1576886677479 2.1032505069460186 461
1576886678997 2.1286208147511765 462
1576886680472 2.2610627774036294 463
1576886681988 2.4514466319765362 464
1576886683446 2.5687332302331924 465
1576886684978 2.5991801453961267 466
1576886686402 2.7133317701518536 467
1576886687829 2.8739964799447493 468
1576886689243 2.7795338087222157 469
1576886690673 2.2775244265794754 470
1576886692199 2.310906511706275 471
1576886693837 2.701589854987892 472
1576886695258 2.724804013967514 473
1576886696627 2.7500185258686543 474
1576886698064 2.1430879818166004 475
1576886699914 2.206484862416983 476
1576886701694 2.0456683877401236 477
1576886703201 2.6615586451121738 478
1576886704755 2.316096847574856 479
1576886706186 2.6104909862556003 480
1576886707572 2.9189097150679557 481
1576886709140 2.2750733899218694 482
1576886710495 2.570567229101735 483
1576886711954 2.759079195559025 484
1576886713477 2.994629167741345 485
1576886714853 2.416992924430154 486
1576886716345 2.50083919448985 487
1576886717857 2.512716428722654 488
1576886719407 3.053469013523411 489
1576886720723 2.7615617473920184 490
1576886722254 2.273496803215572 491
1576886723695 1.8289373198195416 492
1576886725140 2.6874885212990547 493
1576886726474 2.1040479355844957 494
1576886727881 2.187201368238996 495
1576886729508 2.2090488275369773 496
1576886731161 2.757998994306514 497
1576886732604 2.5747165192257273 498
1576886733977 2.822872498343068 499
1576886735429 2.5538931777983 500
1576886737278 2.3749715030481595 501
1576886738649 2.7217806452705013 502
1576886740225 2.6366586362322173 503
1576886741735 2.3098841111574853 504
1576886743290 2.7457929516539856 505
1576886744868 2.1595276777233394 506
1576886746239 2.4808664955198765 507
1576886747668 1.7031235860128489 508
1576886749153 2.768293723464012 509
1576886750489 2.8757365544637046 510
1576886751999 3.1531676547867913 511
1576886753490 2.899584909901023 512
1576886754989 3.3753471952496152 513
1576886756520 2.7953826474646726 514
1576886758053 2.001899757732948 515
1576886759532 2.429420677098361 516
1576886761053 2.092561034595265 517
1576886762499 2.070474718697369 518
1576886764024 1.9164834469556808 519
1576886765551 2.2041314252548747 520
1576886767030 2.261959203902413 521
1576886768566 2.971999250790652 522
1576886770029 2.6050655091962507 523
1576886771396 2.538109428954847 524
1576886772797 2.565204933285713 525
1576886774266 2.327929056052006 526
1576886775623 2.152446111214572 527
1576886777193 2.4558032662481875 528
1576886778729 2.8957949245677277 529
1576886780149 2.927954774349928 530
1576886781589 2.7178897159174085 531
1576886783131 2.592663707903453 532
1576886784670 2.3375662515560784 533
1576886786150 2.206963257243236 534
1576886787630 2.5959619248614594 535
1576886789045 2.8069694403446084 536
1576886790521 2.1331019795992794 537
1576886791853 2.370168059132993 538
1576886793317 3.0526903364807367 539
1576886794910 2.3357025616698794 540
1576886796408 2.202529788017273 541
1576886797843 2.3134927675127983 542
1576886799225 2.104745601162766 543
1576886800856 2.420552221628336 544
1576886802240 2.2795709907077253 545
1576886803808 2.5045105657643743 546
1576886805257 2.795175834496816 547
1576886806755 2.565138943055097 548
1576886808185 2.4663042929023504 549
1576886809670 2.2063198617526463 550
1576886811072 2.7012292089000827 551
1576886812659 2.4020719875892005 552
1576886814182 2.1366356244931617 553
1576886815658 3.141246073173754 554
1576886817082 2.8676904067397118 555
1576886818439 3.0425300280253094 556
1576886820006 2.8687000097455204 557
1576886821504 2.647593459662269 558
1576886822860 2.843325934102458 559
1576886824464 2.6824214780652844 560
1576886826008 2.3938539206153817 561
1576886827486 2.8107088551376807 562
1576886829013 2.7280907426561627 563
1576886830560 2.3353887788347296 564
1576886832034 2.1012806531154746 565
1576886833840 2.2372164376080037 566
1576886835231 2.363551527261734 567
1576886836830 2.37984497514036 568
1576886838431 2.4536881239877806 569
1576886839820 2.560322120785713 570
1576886841279 2.421649915166199 571
1576886842907 2.5494192150922923 572
1576886844268 2.134334900283388 573
1576886845705 2.61387687548995 574
1576886847337 1.8282220525985682 575
1576886848858 2.5954422925199783 576
1576886850357 2.4482739073889594 577
1576886851950 3.08100915617413 578
1576886853514 2.741271578904354 579
1576886855103 2.6732330868641534 580
1576886856504 2.7364658191800117 581
1576886858080 2.070954995708806 582
1576886859530 2.6751638150984243 583
1576886861112 2.845440304113759 584
1576886862555 2.4570596007739796 585
1576886864016 2.412928404286504 586
1576886865454 2.453698869004394 587
1576886866980 2.0300016003277372 588
1576886868411 2.49397871511824 589
1576886869808 2.36398228280472 590
1576886871699 1.294626407602683 591
1576886873258 2.3248124103515577 592
1576886874837 2.4750882665047773 593
1576886876237 2.8650194714146275 594
1576886877699 2.4920085738686955 595
1576886879330 2.855781006813049 596
1576886880981 3.3712486447514713 597
1576886882309 2.6134268809109926 598
1576886884022 2.333424299955368 599
1576886885334 3.2611443122227985 600
1576886886864 3.0681297017468347 601
1576886888249 2.7103336395755893 602
1576886889758 2.5316270300320216 603
1576886891100 3.0836687763532002 604
1576886892552 2.5843571270957137 605
1576886894061 2.742328248240731 606
1576886895529 2.6571796514532147 607
1576886897500 2.467511374590009 608
1576886899001 2.4430144582475934 609
1576886900582 2.385618189702163 610
1576886902104 2.831915729186114 611
1576886903917 2.7777958803060576 612
1576886905417 3.0011678763798306 613
1576886906947 3.167159213739283 614
1576886908338 2.9877018390163297 615
1576886910277 2.481242932032707 616
1576886911690 2.7095046312578264 617
1576886913097 2.460416879504919 618
1576886914592 2.4121917643717357 619
1576886916088 2.550421259619973 620
1576886917552 2.6611475908395015 621
1576886919172 2.5863383695101128 622
1576886920663 2.787323059457721 623
1576886922099 2.536699803546071 624
1576886923583 2.3744929020895675 625
1576886925036 2.135209884494543 626
1576886926531 2.6168828078678676 627
1576886927979 2.177118496009798 628
1576886929537 2.1765802562236787 629
1576886930989 2.0706413410829776 630
1576886932450 2.2942790668457747 631
1576886933848 2.5239464322725933 632
1576886935275 2.4400614323094487 633
1576886936759 2.6447244950703213 634
1576886938209 3.0215039433855 635
1576886939733 2.378018682653254 636
1576886941250 2.5778694450855255 637
1576886942839 2.4182054408722453 638
1576886944473 2.224975459916251 639
1576886946278 1.926611291989684 640
1576886947704 2.4301881049618577 641
1576886949379 2.7550615338902724 642
1576886950897 1.9610372686551676 643
1576886952370 2.392176501240049 644
1576886953809 2.6113948552839217 645
1576886955266 2.8077187980374982 646
1576886956730 2.345901774132953 647
1576886958305 2.4796694006238664 648
1576886959920 2.318215842048327 649
1576886961366 2.5491925766691566 650
1576886962783 2.7682794052011825 651
1576886964218 2.5905089537302652 652
1576886965842 2.897508531808853 653
1576886967191 2.4848343894399445 654
1576886968582 2.921555895358324 655
1576886970081 2.7725749015808105 656
1576886971648 2.161960034484142 657
1576886973040 2.576870316808874 658
1576886974493 2.2307939330736795 659
1576886976163 2.536938283004259 660
1576886977591 2.202906420736602 661
1576886979019 2.530320431246902 662
1576886980533 2.2100975360189166 663
1576886982129 2.421712660127216 664
1576886983634 2.3341529721563514 665
1576886985071 2.176461838185787 666
1576886986552 1.9551860000405992 667
1576886988058 1.920517859980464 668
1576886989597 2.1622828750899346 669
1576886991195 1.3768686746051044 670
1576886992560 2.1742312881079586 671
1576886994228 2.8001195854610867 672
1576886995714 2.74369455260389 673
1576886997279 2.4765003537520385 674
1576886998787 2.7261895305580564 675
1576887000476 2.8317124434770684 676
1576887001830 2.4508149538721358 677
1576887003273 2.304903784105855 678
1576887004790 2.680083358287811 679
1576887006297 2.511585248368127 680
1576887007887 2.428643498250416 681
1576887009400 2.746798473777193 682
1576887010765 2.3454639815515086 683
1576887012268 2.427433835737633 684
1576887014109 2.4553458750247956 685
1576887015503 2.4523582994937896 686
1576887017026 2.059118756403526 687
1576887018525 2.083148386209242 688
1576887019933 2.495514812008027 689
1576887021321 2.194727993570268 690
1576887022805 2.162072724662721 691
1576887024291 2.2376313735457027 692
1576887025778 2.2505893681730544 693
1576887027122 2.674655833551961 694
1576887028982 2.3643125388316992 695
1576887030501 2.751891486784991 696
1576887031987 2.6508795207037643 697
1576887033461 2.6460050651521394 698
1576887035041 2.8439855933189393 699
1576887036415 2.6317205006076443 700
1576887037888 2.818214662373066 701
1576887039334 3.0912657149376406 702
1576887040798 2.6244650815214428 703
1576887042363 2.738227191993168 704
1576887043919 2.7021930507251195 705
1576887045623 2.2392023689089675 706
1576887047205 2.684903104272154 707
1576887048693 2.644571307933692 708
1576887050112 2.683708429336548 709
1576887051584 2.4727628450183308 710
1576887053089 2.2658866457641125 711
1576887054506 2.053137339213315 712
1576887055893 2.43284506816417 713
1576887057267 2.271454193163663 714
1576887058724 2.3634128498308584 715
1576887060177 2.9962267760307557 716
1576887061517 2.6801372582421585 717
1576887062904 2.7802200394292034 718
1576887064343 2.81029811501503 719
1576887065774 2.3820337979122996 720
1576887067275 2.4836011628309884 721
1576887068745 2.403077380997794 722
1576887070246 2.25820922219392 723
1576887071603 1.8774586155496795 724
1576887072974 2.482648762067159 725
1576887074536 2.164012574298041 726
1576887075904 2.2462033600576463 727
1576887077410 2.2748906629927017 728
1576887079000 2.5296192064004788 729
1576887080413 2.449372741483873 730
1576887081878 2.1635464411228895 731
1576887083193 2.5997856608752548 732
1576887084836 2.031243132220374 733
1576887086277 2.181317484992392 734
1576887087742 1.6986686219328215 735
1576887089243 2.5938273054180723 736
1576887090760 2.2555139899253844 737
1576887092117 2.428122135900682 738
1576887093605 2.6612347545045796 739
1576887095167 2.211189369944965 740
1576887096630 2.7090451598167418 741
1576887098129 2.3286825352731872 742
1576887099630 2.69883782935865 743
1576887101073 2.1906478606602726 744
1576887102552 2.3382430316673384 745
1576887103973 2.0994616993835993 746
1576887105519 2.819911127581316 747
1576887107097 2.7626312616709114 748
1576887108640 2.1750098280608654 749
1576887110130 2.4954991999900704 750
1576887111501 2.2356273343165713 751
1576887112962 2.5136516502925326 752
1576887114401 2.605485340580344 753
1576887115903 2.523790799519595 754
1576887117437 2.1580189512007766 755
1576887118935 2.354507239027457 756
1576887120403 2.755541926983631 757
1576887121833 2.383761079473929 758
1576887123503 2.4314570485761293 759
1576887124968 2.5284429118037224 760
1576887126628 2.3033918253013064 761
1576887128303 2.4250783293675156 762
1576887129728 2.040665879845619 763
1576887131135 2.432311636786307 764
1576887132694 2.2714420331246927 765
1576887134229 1.9806406639124219 766
1576887135712 2.5375155991677083 767
1576887137208 2.564947539830909 768
1576887138666 2.5832324249403817 769
1576887140194 1.9238565448257658 770
1576887141631 2.181744306183913 771
1576887143084 2.2384539732048587 772
1576887144594 2.5652279240744456 773
1576887146057 2.5986082792282104 774
1576887147609 2.366168349104769 775
1576887149053 2.8597371796766917 776
1576887150579 2.654991774899619 777
1576887152004 2.7098381788499895 778
1576887153424 2.642887236440883 779
1576887154831 2.9653756339102983 780
1576887156442 2.425888964959553 781
1576887157975 2.2387996367045813 782
1576887159423 2.326229779951034 783
1576887160925 2.2256821878254414 784
1576887162488 2.0783926443093352 785
1576887164035 1.9841201541324456 786
1576887165545 2.1976244642454037 787
1576887167074 2.4600215102945056 788
1576887168561 1.9924248181697395 789
1576887169932 2.37576558197347 790
1576887171452 2.451645747307808 791
1576887172868 3.0077949427068233 792
1576887174453 1.9965612325403426 793
1576887175927 2.5063700596491496 794
1576887177309 2.6734079402504545 795
1576887178687 2.562464690977527 796
1576887180215 2.1888077193323303 797
1576887181566 1.978831784619439 798
1576887183046 2.6276402455387693 799
1576887184510 2.5109486244618893 800
1576887185955 2.275579766716276 801
1576887187464 2.095761875183705 802
1576887189033 1.9492734334298543 803
1576887190670 2.683999291142902 804
1576887192160 2.4542946202414377 805
1576887193748 2.6500095269259285 806
1576887195114 2.5173957983652753 807
1576887196555 3.0242623488108316 808
1576887198153 2.3930330381673923 809
1576887199497 2.776046031287738 810
1576887201022 3.1217692176500957 811
1576887202671 3.266156579508926 812
1576887204114 2.908753076568246 813
1576887205691 2.723077600200971 814
1576887207111 2.415137119365461 815
1576887208733 2.3862019402640207 816
1576887210634 2.5257749034137262 817
1576887212254 1.5297022939970095 818
1576887213635 2.0015800644954047 819
1576887215088 2.0585181243491895 820
1576887216493 2.237589020620693 821
1576887218442 1.1244296721741558 822
1576887219867 2.323017650416919 823
1576887221474 3.241478407853528 824
1576887222835 3.2719410583376884 825
1576887224493 2.774863141147714 826
1576887226259 3.2943222522735596 827
1576887227742 3.2672460973262787 828
1576887229280 3.3438412530081614 829
1576887230781 2.7096980367388044 830
1576887232260 3.084021484479308 831
1576887233727 2.834277343004942 832
1576887235162 2.778586221858859 833
1576887236642 2.1431703766187034 834
1576887238063 2.2581327249926906 835
1576887239548 2.3162477304858546 836
1576887241049 2.194893815300681 837
1576887242615 1.8816273311773937 838
1576887244109 1.9369838869932927 839
1576887245550 1.907445190474391 840
1576887247060 1.9531813684631796 841
1576887248584 2.067391559933171 842
1576887250419 1.843197238817811 843
1576887252058 2.618438185025484 844
1576887253591 2.3602774407182423 845
1576887255143 2.3675296758301556 846
1576887256736 2.9519596750086006 847
1576887258146 2.967755397160848 848
1576887259619 2.7678676030852576 849
1576887261108 2.696743873988881 850
1576887262595 2.7615183302850435 851
1576887264039 2.9829320257360283 852
1576887265452 2.917236154899001 853
1576887267019 2.7683724562327066 854
1576887268437 2.635610358789563 855
1576887269948 2.528786835074425 856
1576887271484 2.8807311753431954 857
1576887272948 2.638636937364936 858
1576887274542 2.4165255046553082 859
1576887276028 2.7431398142467844 860
1576887277435 2.409926465966485 861
1576887278867 2.1665676878765225 862
1576887280285 2.2132926235596337 863
1576887281778 1.942002461212022 864
1576887283236 2.543995849788189 865
1576887284736 2.529567677866329 866
1576887286173 2.4099088099695023 867
1576887287569 2.787313663959503 868
1576887289065 2.251258815912639 869
1576887290433 2.636196517944336 870
1576887291817 2.2259597778320312 871
1576887293728 2.0979324070418754 872
1576887295246 2.0326046400836537 873
1576887296770 2.2772871956631944 874
1576887298192 2.5930692069232464 875
1576887300117 3.1348660409450533 876
1576887301653 2.905991106373923 877
1576887303019 2.9975008416560387 878
1576887304484 2.7615824852670943 879
1576887306323 2.3206375896930695 880
1576887307681 2.6760717292626697 881
1576887309158 3.019223928451538 882
1576887310534 2.305919292671927 883
1576887312005 2.536428526043892 884
1576887313425 2.3805223181843758 885
1576887314942 2.1688471461335816 886
1576887316260 2.4071821205077635 887
1576887317658 2.559303855895996 888
1576887319298 2.2111362039278717 889
1576887321016 2.5150993894308042 890
1576887322590 2.161323735251641 891
1576887324107 2.4972209283283777 892
1576887325639 2.73898666045245 893
1576887327240 2.5826930522918703 894
1576887328761 2.774771462168012 895
1576887330311 2.5054353083883014 896
1576887331850 2.769505029374903 897
1576887333349 2.762817046859048 898
1576887335100 2.6353278641517344 899
1576887336558 2.720784732789704 900
1576887337942 2.585525893395947 901
1576887339414 2.3260395569460734 902
1576887341259 2.6614691130816936 903
1576887342766 2.1131713194506507 904
1576887344329 2.8515935575260833 905
1576887345807 3.0762341488152742 906
1576887347251 2.0639561086893083 907
1576887348715 3.0784953909535564 908
1576887350250 2.9078883275841223 909
1576887351614 2.729196749130885 910
1576887353160 2.431548356026825 911
1576887354738 2.639477978734409 912
1576887356299 2.9744400597280927 913
1576887357699 3.184088443264817 914
1576887359193 2.776449566707015 915
1576887360687 2.44311771435397 916
1576887362180 2.727530327865056 917
1576887363748 2.8203195263357723 918
1576887365283 2.673901129852642 919
1576887366897 2.435253354481288 920
1576887368344 2.472567754132407 921
1576887369809 2.74262732092072 922
1576887371238 2.4103574565414227 923
1576887372724 2.5425583962351084 924
1576887374189 2.7321117650717497 925
1576887375719 2.0333477211598723 926
1576887377105 2.4518671091645956 927
1576887378544 2.6595403571282663 928
1576887379939 2.5235216081142426 929
1576887381393 2.6730746775865555 930
1576887382955 2.4395515866139355 931
1576887384424 2.371428966522217 932
1576887385980 2.5059952280351094 933
1576887387431 2.52427344287143 934
1576887388833 2.285457274678982 935
1576887390314 2.2403783474649703 936
1576887391829 2.8335466583569846 937
1576887393274 2.6468091011047363 938
1576887394891 2.5054007139470844 939
1576887396317 2.4959960665021623 940
1576887397778 2.5251092296093702 941
1576887399420 2.986247460047404 942
1576887400867 2.746091890719629 943
1576887402393 2.238297872032438 944
1576887403858 2.240519867701964 945
1576887405372 1.9963180980480768 946
1576887406890 2.141438587145372 947
1576887408444 2.049672850718101 948
1576887409967 2.5589282313982644 949
1576887411415 2.4698730130349436 950
1576887413064 2.133522486521138 951
1576887414618 2.170806362799236 952
1576887416137 2.164155574007468 953
1576887417708 2.2375075412648067 954
1576887419194 2.445006271203359 955
1576887420580 2.521962213329971 956
1576887422007 2.69550608197848 957
1576887423610 2.301523024971421 958
1576887425079 2.820208025701118 959
1576887426562 2.371368620325537 960
1576887428085 2.9643870158628984 961
1576887429631 2.557172215753986 962
1576887431137 1.984349487857385 963
1576887432584 2.755296155810356 964
1576887434004 2.5863279373415056 965
1576887435956 2.191958110143499 966
1576887437494 2.3911891102790834 967
1576887439039 2.2016718746984707 968
1576887440521 2.601635819481265 969
1576887442098 2.323002393631374 970
1576887443593 2.1798210985520305 971
1576887445077 2.2218340022818133 972
1576887446654 2.285906098144395 973
1576887447996 2.249128488763686 974
1576887449387 2.7699754051864147 975
1576887450771 2.7727957156396683 976
1576887452345 2.729498828158659 977
1576887453892 2.640377567094915 978
1576887455392 2.6486217469880073 979
1576887456788 2.23507540486753 980
1576887458338 2.196446122441973 981
1576887459878 2.189096117871148 982
1576887461347 2.581311734393239 983
1576887462834 2.3970821227346146 984
1576887464345 1.9630008466980036 985
1576887465832 1.7545089615242822 986
1576887467112 2.0009456884860994 987
1576887468784 2.1427505347681675 988
1576887470279 2.149314605685718 989
1576887471747 2.288476412787157 990
1576887473311 2.2956374839350984 991
1576887474792 2.4842619290857604 992
1576887476321 2.666492651734087 993
1576887477741 2.778787475643736 994
1576887479680 2.7310317515262534 995
1576887481123 3.0649320049719377 996
1576887482688 3.491128097261701 997
1576887484292 2.9403668888977594 998
1576887485904 3.1458136358776607 999
