1576885993669 8.21463448660714 0
1576885994922 8.664344688514612 1
1576885996336 8.686206371753249 2
1576885997740 9.382894937094155 3
1576885999215 9.02743252840909 4
1576886000419 7.374109045251624 5
1576886001884 10.195407619724026 6
1576886003312 11.352221996753247 7
1576886004883 10.742805778206169 8
1576886006434 9.080556894277596 9
1576886007912 9.651132558847403 10
1576886009232 8.740963626217535 11
1576886010914 13.975798371550324 12
1576886012336 10.568451324066555 13
1576886013511 6.944437398538962 14
1576886014826 9.231860668628245 15
1576886016072 8.840141791801946 16
1576886017485 12.17605392654221 17
1576886018797 9.008424436891232 18
1576886020107 8.242520419034092 19
1576886021460 9.83596603591721 20
1576886022843 10.855776303774352 21
1576886024138 8.679072392451296 22
1576886025560 11.240947772930195 23
1576886026949 8.312243176745133 24
1576886028145 7.67230938007305 25
1576886029446 9.79722060166396 26
1576886030751 9.048343014407468 27
1576886032143 11.032936789772725 28
1576886033700 10.392257888595783 29
1576886035112 10.623652470576303 30
1576886036533 9.624229530235391 31
1576886038074 13.40118011870942 32
1576886039497 8.76751788250812 33
1576886040768 6.734460607751623 34
1576886042070 9.422369622564936 35
1576886043313 9.860491071428573 36
1576886044631 10.218014407467532 37
1576886045957 10.676586596996753 38
1576886047449 11.718226841517856 39
1576886048822 9.04201755275974 40
1576886050096 11.899794541396105 41
1576886051570 8.047192065746753 42
1576886053110 11.949145824878245 43
1576886054547 10.788812018060064 44
1576886055888 9.019157112418831 45
1576886057602 10.783453606939934 46
1576886059213 13.44828023538961 47
1576886060583 10.607704063514612 48
1576886062032 9.328740107548704 49
1576886063464 10.489803165584416 50
1576886064785 10.68483030641234 51
1576886066168 11.597662591314938 52
1576886067504 9.070743709415586 53
1576886068778 10.264781605113637 54
1576886070127 9.862139813311689 55
1576886071654 12.38842456371753 56
1576886073138 10.426659522118504 57
1576886074598 12.257634943181817 58
1576886075851 11.652721058238635 59
1576886077398 13.200873833198049 60
1576886078923 13.626550451501624 61
1576886080157 9.302376090706172 62
1576886081521 10.912309126420453 63
1576886082918 11.29551478794643 64
1576886084387 12.181126978490262 65
1576886085845 11.26650327211851 66
1576886087294 13.745180600649347 67
1576886088978 10.386598265016234 68
1576886090473 13.181786475243502 69
1576886091891 11.983959643871756 70
1576886093323 11.785413073254876 71
1576886094669 9.816434785917206 72
1576886096149 12.489061231737011 73
1576886098345 16.226426161728902 74
1576886099606 10.311089057426946 75
1576886101071 10.398995535714283 76
1576886102592 12.68159940645292 77
1576886104040 10.246360085227275 78
1576886105464 10.961692116477273 79
1576886106973 11.495757660308445 80
1576886108410 11.386021205357142 81
1576886109993 10.25951831371753 82
1576886111505 10.454212535511363 83
1576886112848 13.5313673143263 84
1576886114228 8.255726207386362 85
1576886115695 11.910923549107142 86
1576886117115 10.43712269176136 87
1576886118670 11.642210328733764 88
1576886120138 10.787305955762987 89
1576886121496 12.135960962865258 90
1576886123061 11.200141411323056 91
1576886124457 11.175172483766232 92
1576886126364 13.0006151075487 93
1576886127718 11.873192725243507 94
1576886129145 13.330078124999996 95
1576886130522 12.427391943993507 96
1576886131904 10.897200943587665 97
1576886133381 12.688226080560069 98
1576886134900 13.685144201501622 99
1576886136324 10.358965985186687 100
1576886137698 11.742688463879869 101
1576886139185 12.43492225547889 102
1576886140451 8.247355671672077 103
1576886141824 10.073590959821427 104
1576886143162 9.164087865259736 105
1576886144758 9.911411830357144 106
1576886146197 10.346378475040584 107
1576886147712 11.210842380275976 108
1576886149040 9.147188260957792 109
1576886150524 11.911621093750002 110
1576886152040 10.04684646408279 111
1576886153427 10.389737215909093 112
1576886154873 9.352044439935064 113
1576886156317 9.034645774147728 114
1576886157601 12.186263443587665 115
1576886159016 8.118848924512989 116
1576886160471 11.616860922280845 117
1576886161839 10.22039240056818 118
1576886163050 10.573746322037339 119
1576886164375 11.33416510247565 120
1576886165766 8.714028891030843 121
1576886167181 9.339504489650976 122
1576886168812 14.25362723214286 123
1576886170412 14.399334796063313 124
1576886171846 10.356809938108766 125
1576886173335 10.317081600040584 126
1576886174552 9.049960049715912 127
1576886176030 11.052214387175328 128
1576886177480 12.037829114245133 129
1576886178865 10.43179598721591 130
1576886180080 7.307636211444804 131
1576886181472 12.93762999695617 132
1576886182996 12.603204900568183 133
1576886185060 13.96654005174513 134
1576886186416 9.727386870941556 135
1576886187715 6.419836267248376 136
1576886189069 6.484200613839285 137
1576886190323 8.893599076704547 138
1576886191790 13.003119926948052 139
1576886193183 11.468109527191558 140
1576886194715 10.531338778409092 141
1576886196171 10.020434887378249 142
1576886197524 9.632013494318185 143
1576886199070 13.613740995332796 144
1576886200516 11.378934785917206 145
1576886202014 12.210455560064933 146
1576886203582 10.549696885146103 147
1576886205003 8.915238813920455 148
1576886206442 9.98736492999188 149
1576886207748 9.134458071225648 150
1576886209160 10.345348011363638 151
1576886210517 9.25332601968344 152
1576886211849 9.568758877840908 153
1576886213372 13.538865919237015 154
1576886214898 9.935382000811686 155
1576886216433 13.280409775771103 156
1576886217871 10.977814909699678 157
1576886219297 9.126911906452921 158
1576886220767 9.914233715503247 159
1576886222137 9.332370510349026 160
1576886223677 9.737184202516234 161
1576886225232 9.849124264407468 162
1576886226674 10.668517273741882 163
1576886228197 11.312715604707789 164
1576886230336 17.146503398944798 165
1576886232138 12.883919059456163 166
1576886233640 11.198445109577925 167
1576886235060 10.597034801136363 168
1576886236853 14.083917791193185 169
1576886238408 13.159797965706169 170
1576886240159 12.251737520292208 171
1576886241573 11.797905463676946 172
1576886243063 12.798897879464286 173
1576886244667 12.930591137378245 174
1576886246352 16.02158583603896 175
1576886247793 12.947062702922077 176
1576886249255 10.326181386972399 177
1576886250803 14.21873414671266 178
1576886252706 14.881591796875002 179
1576886254154 14.025514280641232 180
1576886255584 10.668628246753247 181
1576886256997 11.13555511870942 182
1576886258745 13.48412451806007 183
1576886260142 9.825328480113635 184
1576886261561 11.99603984882305 185
1576886262958 12.058755453530843 186
1576886264430 10.757707868303573 187
1576886265813 13.466606635551948 188
1576886267275 8.36663580560065 189
1576886268740 10.691346007508118 190
1576886270267 11.056161855722404 191
1576886271735 11.491572392451298 192
1576886273017 12.361695921266232 193
1576886274570 11.4549512987013 194
1576886275980 11.07314072646104 195
1576886277429 12.642172280844155 196
1576886278831 11.69855291193182 197
1576886280305 10.608560141030843 198
1576886281731 10.255047686688307 199
1576886283229 12.681599406452925 200
1576886284748 13.092151988636365 201
1576886286336 14.219621930803573 202
1576886287689 12.033627993100652 203
1576886288984 9.842021991680195 204
1576886290491 9.014670632102273 205
1576886291909 10.576599913758116 206
1576886293509 12.519388570413959 207
1576886295043 11.553416066355517 208
1576886296653 15.113477830762985 209
1576886298009 11.696285891842534 210
1576886299537 13.365969967532465 211
1576886301074 11.87934380073052 212
1576886302659 14.423939098011362 213
1576886304090 12.464044744318183 214
1576886305714 12.557959618506493 215
1576886307125 10.850639838676953 216
1576886308892 14.539018110795457 217
1576886310385 13.394077845982144 218
1576886312106 14.982276024756485 219
1576886313594 16.449925806615255 220
1576886315091 11.288253982345783 221
1576886316595 14.368785511363638 222
1576886318093 12.51894467836851 223
1576886319457 8.883722478693182 224
1576886321030 13.193993506493502 225
1576886322464 8.717025162337663 226
1576886324304 17.639049183238633 227
1576886325670 11.123902952516234 228
1576886327244 14.100753982345777 229
1576886328676 9.357038225446427 230
1576886330420 13.880535967938311 231
1576886331963 13.65254984273539 232
1576886333489 13.366413859577921 233
1576886334940 11.641988382711041 234
1576886336620 12.734422559862011 235
1576886338052 11.044921875 236
1576886339893 11.824871905438318 237
1576886341437 12.273266284496755 238
1576886342835 9.910571606128247 239
1576886344363 11.228027343749998 240
1576886345748 11.1502828226461 241
1576886347268 11.774934050324676 242
1576886348640 9.450303114853897 243
1576886350103 11.990602171266234 244
1576886351855 11.191897701907466 245
1576886353277 9.688910942573052 246
1576886354606 11.799570058847397 247
1576886356128 13.28599013291396 248
1576886357562 10.290939529220779 249
1576886358922 10.809389585024348 250
1576886360276 11.307055981128245 251
1576886361840 13.183007178368502 252
1576886363367 15.249800248579543 253
1576886364884 14.778751521915586 254
1576886366186 10.340940797483768 255
1576886367677 9.609485973011365 256
1576886369216 11.44537591314935 257
1576886370740 11.568968141233762 258
1576886372279 8.896817294034088 259
1576886373750 11.93078771814124 260
1576886375133 8.78513088474026 261
1576886376684 11.343819754464285 262
1576886378260 13.822671469155843 263
1576886379815 11.875903637378249 264
1576886381160 11.38059938108766 265
1576886382582 11.155752206777597 266
1576886384257 13.835623604910714 267
1576886385645 11.978585379464283 268
1576886387161 13.792534369926948 269
1576886388667 13.04513113839286 270
1576886390203 15.710354099025977 271
1576886392104 12.816621854707789 272
1576886393486 9.82659674310065 273
1576886394858 10.830728109780845 274
1576886396213 9.775216238839288 275
1576886397594 9.551890980113637 276
1576886399061 13.93928825081169 277
1576886400687 14.790815873579545 278
1576886402531 12.705870789366884 279
1576886404073 14.043032163149352 280
1576886405473 11.836238712459416 281
1576886407032 16.433216441761367 282
1576886408393 11.377492136769483 283
1576886409814 13.265380859374996 284
1576886411235 10.512457513189934 285
1576886412525 12.28463309151786 286
1576886413995 12.463109400365262 287
1576886415365 11.418742390422077 288
1576886416937 13.018418349228897 289
1576886418550 13.078169389204545 290
1576886419954 10.585239955357144 291
1576886421313 11.310385171469155 292
1576886422753 8.884087104301948 293
1576886424220 10.160498681006496 294
1576886425799 11.593049284699674 295
1576886427640 11.987494926948058 296
1576886429097 12.64023817978896 297
1576886430438 8.911608411120131 298
1576886431890 10.999866832386363 299
1576886433745 12.66898018973214 300
1576886435154 10.188305346996756 301
1576886436542 10.156757305194807 302
1576886438395 13.839174741274352 303
1576886439925 11.39627828226461 304
1576886442152 12.18521712662338 305
1576886443701 11.045698686079543 306
1576886445087 7.507688844358765 307
1576886446403 10.01892882508117 308
1576886447867 11.38622729809253 309
1576886449311 12.187484146712663 310
1576886450818 13.349292309253249 311
1576886452281 12.763053596793831 312
1576886453927 11.230310217126625 313
1576886455335 10.32944716416396 314
1576886456838 12.666285130884742 315
1576886458263 12.020422204748373 316
1576886459651 11.002641157670451 317
1576886461164 9.893228109780845 318
1576886463015 15.527518136160715 319
1576886464486 11.044874315137989 320
1576886466181 12.174642983969155 321
1576886467768 12.50418526785714 322
1576886469203 10.972297965706169 323
1576886470579 11.834938742897727 324
1576886472237 14.269591492491886 325
1576886473755 12.977025415990258 326
1576886475364 13.259721235795457 327
1576886476835 12.932160612824674 328
1576886478377 9.809649578936687 329
1576886479849 13.390273057021103 330
1576886481363 12.310125177556817 331
1576886482837 11.488829773741887 332
1576886484307 12.095408253855517 333
1576886485766 10.194979580965908 334
1576886487383 15.657911424512985 335
1576886488983 14.716828581574674 336
1576886490383 11.450924563717532 337
1576886491812 10.113287591314933 338
1576886493237 12.266623757102273 339
1576886494725 12.212643313717527 340
1576886496151 9.289455661525974 341
1576886497565 12.654109806209414 342
1576886499047 12.853845373376624 343
1576886500578 13.696843927556817 344
1576886502068 12.237643947849028 345
1576886503408 9.777943004261363 346
1576886504998 11.722443815949674 347
1576886506457 11.562119521103897 348
1576886508057 10.600157898741882 349
1576886509720 12.808029372970784 350
1576886511204 11.91851727374188 351
1576886512628 13.117644074675324 352
1576886514041 11.555048954951296 353
1576886515599 13.558000837053571 354
1576886517259 13.101901760349026 355
1576886518725 8.438197544642856 356
1576886520245 12.513950892857142 357
1576886521624 10.810023716517854 358
1576886523137 13.028263240665586 359
1576886524686 14.138643339082794 360
1576886526151 12.218239524147728 361
1576886527556 13.487120789366879 362
1576886528859 11.542255352069803 363
1576886530278 9.938235592532466 364
1576886531634 9.432991325081169 365
1576886533157 10.776985465706169 366
1576886534762 13.059414950284088 367
1576886536258 9.811726359577925 368
1576886537649 10.111813235592532 369
1576886539206 10.249388063108766 370
1576886540720 13.18717659293831 371
1576886542296 15.157423143262987 372
1576886543758 13.890491832386362 373
1576886545242 11.58039836140422 374
1576886546752 10.804681158685066 375
1576886548115 11.995675223214285 376
1576886549658 12.923916903409086 377
1576886551182 10.403164950284092 378
1576886552643 12.456007127637987 379
1576886554372 15.512742872362011 380
1576886555810 13.211669921874998 381
1576886557387 12.067696707589286 382
1576886558927 10.539931260146105 383
1576886560492 13.193216695413964 384
1576886561923 10.486030083198054 385
1576886563488 9.39063134131494 386
1576886565188 12.60168298498377 387
1576886566606 10.770358791599026 388
1576886568416 15.290860262784092 389
1576886569854 9.299221286525976 390
1576886571373 10.451517476663959 391
1576886572840 8.936577338676948 392
1576886574314 12.035229175121755 393
1576886576055 14.623912464488637 394
1576886577552 12.885330002029217 395
1576886579036 10.667407543628247 396
1576886580483 9.151246702516236 397
1576886581909 11.433343268060069 398
1576886583370 12.055838448660715 399
1576886585060 14.981229707792213 400
1576886586457 10.757644455154223 401
1576886588065 15.061003449675326 402
1576886589847 13.412578632305191 403
1576886591353 11.598740614853899 404
1576886592749 10.629153561282468 405
1576886594283 10.241841898336041 406
1576886595821 12.864007330560058 407
1576886597356 11.82317560369318 408
1576886598813 12.028222022118507 409
1576886600294 12.995224989853893 410
1576886601840 12.015016233766234 411
1576886603416 12.844143161525977 412
1576886605184 14.415679535308442 413
1576886606670 12.556596235795455 414
1576886608132 11.19678051440747 415
1576886609742 11.600627156047075 416
1576886611188 12.187293907264609 417
1576886612655 10.036668653612011 418
1576886614003 12.196552227069805 419
1576886615511 12.23938780945617 420
1576886616922 8.213065011160714 421
1576886618325 11.820036652800322 422
1576886619959 13.526991807021112 423
1576886621796 12.834710455560062 424
1576886623135 10.33317268668831 425
1576886624971 12.664842481737015 426
1576886626442 9.056174538352275 427
1576886627817 11.034712357954547 428
1576886629434 15.041551466112011 429
1576886630811 9.347653079342534 430
1576886632294 13.288621778612013 431
1576886633763 10.921551592938311 432
1576886635327 11.679528967126627 433
1576886636872 11.341314935064931 434
1576886638449 11.577798422280846 435
1576886640117 14.004429408482142 436
1576886641769 12.960664823457792 437
1576886643343 13.144230037540584 438
1576886644987 14.11259638798701 439
1576886646626 12.307747184456167 440
1576886648103 13.608430144074672 441
1576886649593 11.624121727881493 442
1576886650969 10.04518186891234 443
1576886652429 13.388640168425322 444
1576886653872 11.353252460430191 445
1576886655308 10.59860427658279 446
1576886656920 14.851724203530843 447
1576886658310 10.864733411120131 448
1576886659846 13.724285967938311 449
1576886661186 11.720890193790584 450
1576886662675 9.603112951501624 451
1576886664175 13.036728896103897 452
1576886665726 11.801821225649356 453
1576886667242 10.902020342938313 454
1576886668701 12.832871474228899 455
1576886670078 10.855284851866884 456
1576886671561 9.700816761363637 457
1576886672955 11.967678317775968 458
1576886674510 11.16222034801136 459
1576886675949 13.853204900568183 460
1576886677431 10.017993481128249 461
1576886678953 12.187531706574678 462
1576886680425 12.161865234374998 463
1576886681940 11.007967862215908 464
1576886683396 10.412375710227277 465
1576886684931 14.2738084669237 466
1576886686353 11.84714577414773 467
1576886687782 11.198619495738635 468
1576886689193 11.591606635551951 469
1576886690625 10.398805296266234 470
1576886692151 10.674256163758118 471
1576886693788 13.054849203530845 472
1576886695207 12.696802709009743 473
1576886696578 9.910492339691556 474
1576886698015 11.014293323863635 475
1576886699869 14.955071783685067 476
1576886701647 14.988300273944802 477
1576886703153 12.0999898538961 478
1576886704707 14.469802658279225 479
1576886706136 12.682598163555191 480
1576886707527 8.642451298701298 481
1576886709093 11.573660714285715 482
1576886710446 12.734945718344157 483
1576886711905 10.391703023538962 484
1576886713425 10.910042106331167 485
1576886714802 10.522238991477273 486
1576886716294 11.026421088676946 487
1576886717806 13.118531858766236 488
1576886719359 11.9873046875 489
1576886720673 12.357288707386362 490
1576886722206 13.267853972199674 491
1576886723644 14.038767628855519 492
1576886725093 10.55616502637987 493
1576886726425 8.607748452719159 494
1576886727832 11.792436079545457 495
1576886729464 14.100436916599023 496
1576886731112 9.816339666193183 497
1576886732552 10.35688920454545 498
1576886733925 10.410425755884742 499
1576886735378 11.914855164366884 500
1576886737228 16.42020089285714 501
1576886738597 11.104371702516234 502
1576886740173 13.893266157670457 503
1576886741685 13.30851765422078 504
1576886743238 10.42521687297078 505
1576886744818 13.514927455357142 506
1576886746191 12.270174893465914 507
1576886747616 12.64174424208604 508
1576886749102 12.756030590503245 509
1576886750438 10.021401937905846 510
1576886751947 9.658837256493507 511
1576886753445 11.290711241883114 512
1576886754937 10.455845424107142 513
1576886756470 13.51156655844156 514
1576886758005 12.275327211850653 515
1576886759482 12.097675273944805 516
1576886761007 12.103984882305191 517
1576886762447 11.48979682426948 518
1576886763972 12.797280844155845 519
1576886765501 12.547829367897728 520
1576886766980 11.442665001014609 521
1576886768519 11.740136084618507 522
1576886769977 10.91627244825487 523
1576886771347 11.061536120129873 524
1576886772748 10.822849025974028 525
1576886774218 11.978284167004867 526
1576886775579 10.454212535511363 527
1576886777141 11.74582741477273 528
1576886778678 13.539801263189936 529
1576886780098 10.111210810673699 530
1576886781538 12.438631924715908 531
1576886783079 11.348972072849026 532
1576886784621 12.001398259943183 533
1576886786098 13.738712459415584 534
1576886787584 12.270159040178573 535
1576886788993 9.866214108157468 536
1576886790471 9.827928419237011 537
1576886791813 10.018152014001622 538
1576886793270 9.709583629261365 539
1576886794857 14.07653015929383 540
1576886796360 10.386740944602277 541
1576886797799 12.266068892045459 542
1576886799176 11.8332424411526 543
1576886800812 15.576029195413957 544
1576886802187 11.00308504971591 545
1576886803755 11.482694551542213 546
1576886805216 11.086806260146105 547
1576886806703 12.128953809862011 548
1576886808131 12.12933428875812 549
1576886809618 13.61234590604708 550
1576886811023 9.172521814123376 551
1576886812608 14.201263824066562 552
1576886814132 13.204313996550328 553
1576886815608 11.135888037743506 554
1576886817032 11.164122742491882 555
1576886818388 10.756978617086038 556
1576886819957 14.02589475953734 557
1576886821452 10.867539442978893 558
1576886822807 9.841324447037339 559
1576886824412 14.684979327313311 560
1576886825957 11.807036957183435 561
1576886827438 9.578524502840908 562
1576886828962 12.239308543019481 563
1576886830509 13.2630662794237 564
1576886831984 11.361607142857139 565
1576886833786 14.263408710430198 566
1576886835177 10.8421583299513 567
1576886836781 14.080794693587658 568
1576886838377 14.15920505275974 569
1576886839768 8.952747691761365 570
1576886841228 12.80745865462662 571
1576886842858 12.892717633928575 572
1576886844214 10.680613331980519 573
1576886845653 8.72767857142857 574
1576886847291 13.021525593547082 575
1576886848804 11.316774046266232 576
1576886850306 10.066013088474019 577
1576886851904 13.33082322950487 578
1576886853463 12.025400136972399 579
1576886855054 13.387895063920455 580
1576886856450 10.966574928977272 581
1576886858026 10.874863661728899 582
1576886859477 9.933384486607144 583
1576886861061 11.457535384537339 584
1576886862505 11.475069120332792 585
1576886863964 12.429341898336038 586
1576886865401 10.564900187702923 587
1576886866937 12.647467278814934 588
1576886868362 11.008078835227275 589
1576886869756 10.96483106737013 590
1576886871648 16.78918615564124 591
1576886873204 14.872111531047075 592
1576886874782 12.649639179180191 593
1576886876182 11.00056437702922 594
1576886877647 11.059903231534088 595
1576886879277 14.099993024553573 596
1576886880927 12.923853490259743 597
1576886882254 12.128890396712665 598
1576886883968 11.763995282061687 599
1576886885283 11.425765396712663 600
1576886886814 13.738997818587665 601
1576886888196 12.425981001420455 602
1576886889703 12.739590731534088 603
1576886891048 11.862206397118504 604
1576886892499 12.18822925121753 605
1576886894013 12.741191913555193 606
1576886895473 13.818327668425322 607
1576886897449 14.452015269886367 608
1576886898951 13.52188704849838 609
1576886900526 14.00669642857143 610
1576886902050 13.20279208096591 611
1576886903864 12.005726207386365 612
1576886905363 11.610329367897728 613
1576886906895 12.391658634334412 614
1576886908284 12.49045632102273 615
1576886910223 14.575781884131493 616
1576886911637 10.495161576704545 617
1576886913044 11.182940594561689 618
1576886914538 13.127441406250005 619
1576886916037 13.138142375202925 620
1576886917500 10.04104416091721 621
1576886919123 12.163878601866884 622
1576886920611 10.785593800730517 623
1576886922043 10.469907289975648 624
1576886923531 11.527908127029221 625
1576886924982 11.417727780032472 626
1576886926480 10.63766677658279 627
1576886927935 12.693774731128249 628
1576886929482 12.633643212256494 629
1576886930935 12.414582487824676 630
1576886932398 10.074811662946429 631
1576886933792 10.437899502840907 632
1576886935224 10.908345804586036 633
1576886936705 12.610544972605522 634
1576886938159 9.952297458400974 635
1576886939677 12.759724406452921 636
1576886941197 11.75733690137987 637
1576886942783 10.801351968344155 638
1576886944420 10.977561257102272 639
1576886946225 16.246972022118506 640
1576886947653 10.148545302353897 641
1576886949327 13.860275466720777 642
1576886950846 12.242225547889609 643
1576886952314 11.369676466112015 644
1576886953760 9.790736607142856 645
1576886955210 9.762343369521105 646
1576886956674 9.558359121347403 647
1576886958251 12.577316482345779 648
1576886959866 14.174725421063313 649
1576886961313 11.936558314732144 650
1576886962727 13.485678140219154 651
1576886964162 10.59258002739448 652
1576886965786 11.85654677353896 653
1576886967135 10.529420530641238 654
1576886968529 10.323977780032468 655
1576886970026 10.955541040990257 656
1576886971596 15.731867009943182 657
1576886972988 11.123902952516236 658
1576886974437 10.605595576298702 659
1576886976108 13.375878272118511 660
1576886977534 11.727342481737017 661
1576886978963 8.737634435876627 662
1576886980479 11.021173650568183 663
1576886982074 11.863569779829547 664
1576886983581 10.16274984780844 665
1576886985015 10.832440264813313 666
1576886986495 9.954659598214286 667
1576886988001 10.813860212053571 668
1576886989540 12.950582132711038 669
1576886991139 15.718835607751625 670
1576886992503 11.13991477272727 671
1576886994171 9.660010399756493 672
1576886995662 12.114907797280843 673
1576886997223 12.966911018668826 674
1576886998730 11.616385323660714 675
1576887000423 13.345360693993507 676
1576887001780 8.945344206574674 677
1576887003218 11.890060622970775 678
1576887004733 12.358509410511362 679
1576887006248 10.682341340300322 680
1576887007831 11.71908291903409 681
1576887009350 10.419002384334416 682
1576887010708 8.750840224228899 683
1576887012216 11.72499619521103 684
1576887014054 11.482060420048702 685
1576887015446 9.851296164772728 686
1576887016970 13.041992187499998 687
1576887018467 13.24936903916396 688
1576887019880 10.33147638494318 689
1576887021268 10.81867961140422 690
1576887022749 10.87938184862013 691
1576887024236 13.069656173904225 692
1576887025723 11.610693993506489 693
1576887027071 11.08953302556818 694
1576887028928 15.24114435369318 695
1576887030445 11.831561992694807 696
1576887031933 11.531601942978899 697
1576887033409 13.049427379261362 698
1576887034987 10.550093217329545 699
1576887036364 11.954171316964281 700
1576887037836 11.628196022727275 701
1576887039275 10.0594339742289 702
1576887040743 13.023047509131489 703
1576887042311 10.53408139711851 704
1576887043870 12.757917131696429 705
1576887045566 15.430099685470777 706
1576887047147 14.478728059050326 707
1576887048638 10.318048650568183 708
1576887050060 10.778982979910715 709
1576887051528 12.09352171266234 710
1576887053032 12.639271129261365 711
1576887054453 9.842307350852273 712
1576887055836 12.518199573863631 713
1576887057214 12.205620307426946 714
1576887058673 12.436412464488638 715
1576887060120 11.447484400365258 716
1576887061469 14.145048067167208 717
1576887062848 8.26504794034091 718
1576887064286 9.782825816761362 719
1576887065717 9.527984222808444 720
1576887067219 10.577630377435066 721
1576887068687 11.183527166193182 722
1576887070187 10.727665888798699 723
1576887071546 10.630818156452927 724
1576887072919 10.41408786525974 725
1576887074483 11.58245928875812 726
1576887075849 12.282556310876624 727
1576887077355 10.067043552150976 728
1576887078944 10.67254400872565 729
1576887080353 7.947902927150973 730
1576887081825 12.397904829545457 731
1576887083138 9.517108867694805 732
1576887084780 11.633808086444805 733
1576887086225 11.652594231939933 734
1576887087693 13.90869140625 735
1576887089189 10.555102856128247 736
1576887090710 12.156332437094159 737
1576887092060 8.963543780438311 738
1576887093548 11.49187360491071 739
1576887095110 10.510666091720779 740
1576887096573 9.77136389001623 741
1576887098070 11.978062220982144 742
1576887099573 10.98369647930195 743
1576887101021 13.357536018668833 744
1576887102496 13.555717963676951 745
1576887103917 10.732960886769478 746
1576887105462 10.59500558035714 747
1576887107046 11.549738103693183 748
1576887108587 14.580664696631494 749
1576887110079 11.298907391436689 750
1576887111446 9.035200639204543 751
1576887112904 13.02670961850649 752
1576887114346 10.438390954748378 753
1576887115846 10.841349812297079 754
1576887117381 10.508256392045451 755
1576887118882 10.555657721185066 756
1576887120346 12.593851461038957 757
1576887121779 11.071412718141229 758
1576887123447 13.520254159902594 759
1576887124910 9.73577325994318 760
1576887126521 11.765247691761365 761
1576887128245 12.449126800933438 762
1576887129671 10.910343318790583 763
1576887131077 13.593924386160714 764
1576887132636 11.89846286525974 765
1576887134171 11.02142730316558 766
1576887135655 10.630231584821425 767
1576887137152 12.587082107345779 768
1576887138612 8.042832411728895 769
1576887140140 10.848737444196422 770
1576887141572 12.802131950081169 771
1576887143024 12.599637910917206 772
1576887144537 11.919658710430195 773
1576887146002 13.15604073660714 774
1576887147549 11.263253348214286 775
1576887148999 10.723448914366882 776
1576887150520 12.042569247159093 777
1576887151945 12.371271306818182 778
1576887153370 10.056913301542208 779
1576887154774 10.399201628449674 780
1576887156384 11.096254819399352 781
1576887157915 12.208838524756494 782
1576887159364 12.296681589894476 783
1576887160865 11.31388874797078 784
1576887162435 11.804865056818185 785
1576887163979 13.083274147727273 786
1576887165488 11.414192496956165 787
1576887167014 10.923358867694809 788
1576887168501 12.63502244825487 789
1576887169871 10.055327972808438 790
1576887171396 9.710281173904225 791
1576887172810 8.074792639001624 792
1576887174395 12.117460176542211 793
1576887175816 8.479527064732142 794
1576887177248 12.806079418628245 795
1576887178633 12.000970221185067 796
1576887180155 10.965718851461043 797
1576887181506 11.687677556818183 798
1576887182986 10.48977145900974 799
1576887184450 11.418552150974024 800
1576887185895 10.464643998579543 801
1576887187403 13.776807908887987 802
1576887188974 12.681234780844152 803
1576887190611 12.464203277191562 804
1576887192102 12.499999999999996 805
1576887193687 11.46134017349838 806
1576887195052 10.634290026379869 807
1576887196499 10.933251318993507 808
1576887198094 11.331755402800324 809
1576887199440 10.457256366680197 810
1576887200967 10.651871322037335 811
1576887202613 11.987542486810066 812
1576887204054 10.482336267248376 813
1576887205637 11.445692978896103 814
1576887207056 11.967123452719157 815
1576887208675 10.795945997362006 816
1576887210576 13.578182071834414 817
1576887212198 13.119784268465908 818
1576887213577 10.779791497564936 819
1576887215029 13.74248554180195 820
1576887216436 12.392863484172079 821
1576887218383 18.560917841923708 822
1576887219810 14.301805372362011 823
1576887221415 15.026871322037334 824
1576887222779 11.460721895292208 825
1576887224433 13.74681348924513 826
1576887226197 12.71083286830357 827
1576887227683 11.789550781250002 828
1576887229224 10.216793704342534 829
1576887230730 11.875602424918835 830
1576887232203 11.491049233969154 831
1576887233672 10.585319221793833 832
1576887235103 9.379280387581169 833
1576887236583 11.730703378652597 834
1576887238007 11.078150365259742 835
1576887239489 11.008776379870133 836
1576887240994 11.854248046874998 837
1576887242560 11.09937791700487 838
1576887244053 12.8294630174513 839
1576887245490 12.159376268262992 840
1576887247002 10.928320946631494 841
1576887248523 11.920800147118506 842
1576887250357 14.236045936485386 843
1576887252001 14.867672610592534 844
1576887253530 12.65410980620942 845
1576887255084 12.685943207183442 846
1576887256629 11.459057300121751 847
1576887258088 11.40767679586039 848
1576887259560 12.03925591010552 849
1576887261047 12.49245383522727 850
1576887262536 11.556903789569805 851
1576887263976 12.971698711444809 852
1576887265391 11.720525568181818 853
1576887266967 8.36589070109578 854
1576887268378 10.529087611607142 855
1576887269885 13.926938539975652 856
1576887271423 12.572512936282472 857
1576887272889 13.085715553977273 858
1576887274433 12.18145989752435 859
1576887275964 9.842132964691558 860
1576887277378 11.20549982244318 861
1576887278813 14.102830762987013 862
1576887280221 11.234289392248376 863
1576887281723 13.735272296063313 864
1576887283174 10.868823559253245 865
1576887284674 10.827731838474028 866
1576887286112 12.584751674107142 867
1576887287509 8.705119343547079 868
1576887289001 11.595887023133118 869
1576887290373 10.670926973417208 870
1576887291760 8.840395444399348 871
1576887293667 15.88654753449675 872
1576887295192 12.627840909090908 873
1576887296715 14.779607599431815 874
1576887298128 12.352072975852272 875
1576887300058 11.520900974025976 876
1576887301588 12.893605418019478 877
1576887302958 10.807471337256493 878
1576887304426 10.411265980113638 879
1576887306263 13.110494242086038 880
1576887307620 9.521214869115257 881
1576887309097 10.39725167410714 882
1576887310470 11.999083679991884 883
1576887311955 9.886902648133116 884
1576887313370 11.615259740259742 885
1576887314881 9.880497920048699 886
1576887316203 11.68897752637987 887
1576887317599 10.453435724431818 888
1576887319237 14.803958248782466 889
1576887320955 14.451856737012989 890
1576887322533 15.360931792816553 891
1576887324045 14.326679180194805 892
1576887325584 12.206365411931818 893
1576887327178 11.613975623985391 894
1576887328699 7.6030939275568175 895
1576887330248 13.851619571834421 896
1576887331786 12.08169516030844 897
1576887333291 10.788479099025974 898
1576887335038 14.277296190137985 899
1576887336493 13.002438235592535 900
1576887337884 8.629689402394483 901
1576887339352 11.38884309050325 902
1576887341194 14.94567078429383 903
1576887342701 13.655657087053573 904
1576887344270 11.973702566964285 905
1576887345743 10.564424589082794 906
1576887347187 13.86644239549513 907
1576887348661 11.647822392451301 908
1576887350188 10.679947493912339 909
1576887351551 12.128303825081169 910
1576887353099 14.317135501217532 911
1576887354673 13.844786804991882 912
1576887356237 13.53759765625 913
1576887357640 10.815667486810066 914
1576887359129 13.169975776176946 915
1576887360624 11.817737926136363 916
1576887362115 12.039065670657465 917
1576887363691 12.982986252029223 918
1576887365228 12.78352019074675 919
1576887366833 10.69614955357143 920
1576887368279 10.165888798701292 921
1576887369746 14.059218369521107 922
1576887371176 11.643066406250004 923
1576887372608 12.657771915584417 924
1576887374128 10.955794693587661 925
1576887375658 12.737085912134747 926
1576887377048 11.040086622362011 927
1576887378483 11.50981952617695 928
1576887379873 11.410895013189936 929
1576887381331 10.325119216720777 930
1576887382890 11.716704925933438 931
1576887384369 11.639578683035712 932
1576887385917 13.452100877637987 933
1576887387368 12.75436599533279 934
1576887388773 11.808495459618502 935
1576887390249 12.332240513392858 936
1576887391770 10.069025213068182 937
1576887393212 11.211460658482142 938
1576887394826 11.027863737824674 939
1576887396250 11.714739118303573 940
1576887397714 10.443559126420451 941
1576887399356 11.137520926339285 942
1576887400807 9.401221337256493 943
1576887402329 11.240646560470777 944
1576887403792 10.905603185876624 945
1576887405310 15.017914214691562 946
1576887406823 11.190153840300324 947
1576887408382 13.046795733563313 948
1576887409902 7.6833749746347415 949
1576887411355 9.800771738027597 950
1576887413002 11.030336850649352 951
1576887414555 11.16781655844156 952
1576887416075 12.522495814732146 953
1576887417644 11.780007102272723 954
1576887419132 12.0982618455763 955
1576887420517 10.251940442370135 956
1576887421947 11.039626877029221 957
1576887423548 12.083835354099024 958
1576887425022 9.768478591720777 959
1576887426499 10.689047280844155 960
1576887428022 12.100227653206165 961
1576887429572 12.429135805600648 962
1576887431073 13.36392489346591 963
1576887432523 9.487066888189936 964
1576887433943 11.87179763595779 965
1576887435893 12.208093420251624 966
1576887437436 10.007704697646101 967
1576887438978 11.182908887987015 968
1576887440458 11.476369089894483 969
1576887442030 11.408675552962661 970
1576887443532 10.628630402800324 971
1576887445018 12.361949573863637 972
1576887446591 14.300965148133116 973
1576887447938 11.360766918628245 974
1576887449325 10.975849102069803 975
1576887450706 10.775796469155846 976
1576887452279 9.127641157670453 977
1576887453825 11.284750405844155 978
1576887455329 10.542071453936693 979
1576887456725 11.719082919034092 980
1576887458274 9.267736657873375 981
1576887459811 11.32944082284903 982
1576887461284 10.556434532264612 983
1576887462768 11.014737215909092 984
1576887464278 9.537480341923702 985
1576887465767 10.34238344663149 986
1576887467048 10.975849102069807 987
1576887468672 14.529918323863637 988
1576887470216 14.319830560064936 989
1576887471682 13.031972909902597 990
1576887473244 11.697506594967534 991
1576887474727 10.833867060673699 992
1576887476259 14.387571656858762 993
1576887477684 12.310680042613635 994
1576887479617 16.886144860998375 995
1576887481060 11.276459136566558 996
1576887482630 12.18296595982143 997
1576887484224 11.782083882913959 998
1576887485840 12.896791928774352 999
