1576885993362 150.62442016601562 30
1576885994631 138.4226837158203 59
1576885996027 155.22772216796875 91
1576885997428 144.9188690185547 125
1576885998884 128.10733032226562 159
1576886000121 52.84305191040039 188
1576886001560 131.61965942382812 219
1576886002984 133.03692626953125 252
1576886004514 90.67028045654297 290
1576886006076 -5.158611297607422 329
1576886007589 13.622865676879883 363
1576886008914 -28.6740665435791 394
1576886010398 86.16435241699219 434
1576886010844 -3.0656769275665283 436
1576886012018 -59.578739166259766 470
1576886013231 -125.21516418457031 498
1576886014530 -77.57569122314453 528
1576886015785 -77.33683776855469 556
1576886017164 38.12420654296875 589
1576886018498 -55.493858337402344 618
1576886019800 -52.296302795410156 649
1576886021154 11.220643997192383 680
1576886022500 48.8715705871582 714
1576886023824 11.155425071716309 745
1576886025239 85.80020904541016 779
1576886026641 -0.6616361141204834 810
1576886027849 2.6051881313323975 839
1576886029135 38.798301696777344 870
1576886030448 35.172733306884766 901
1576886031836 66.78522491455078 933
1576886033321 60.02533721923828 973
1576886034797 81.03384399414062 1007
1576886036205 36.302001953125 1039
1576886037698 136.19622802734375 1077
1576886039160 -16.002010345458984 1110
1576886040477 -57.51410675048828 1139
1576886041778 9.95466423034668 1170
1576886043016 1.9255688190460205 1200
1576886044331 15.062409400939941 1231
1576886045650 3.4464094638824463 1264
1576886047119 45.95347595214844 1300
1576886048518 -27.019760131835938 1333
1576886049800 45.52922821044922 1363
1576886051215 -84.60615539550781 1398
1576886052774 37.389896392822266 1434
1576886054228 15.311924934387207 1468
1576886055586 -33.85699462890625 1499
1576886057074 10.106717109680176 1539
1576886057528 -3.2363903522491455 1541
1576886058856 91.9217758178711 1579
1576886060258 27.98482322692871 1611
1576886061669 -47.25457763671875 1647
1576886063132 4.72662353515625 1682
1576886064476 19.183349609375 1713
1576886065850 28.950458526611328 1747
1576886067191 -27.993200302124023 1778
1576886068479 0.22330108284950256 1809
1576886069815 -26.453166961669922 1840
1576886071295 58.782535552978516 1877
1576886072788 -3.1415445804595947 1914
1576886074270 54.408424377441406 1948
1576886075554 51.69131851196289 1979
1576886077026 73.44564056396484 2017
1576886078567 55.436790466308594 2056
1576886079861 -56.58209991455078 2086
1576886081197 -10.902393341064453 2118
1576886082596 -20.451335906982422 2153
1576886084050 2.6298375129699707 2188
1576886085523 -19.303852081298828 2222
1576886086962 57.94085693359375 2257
1576886088485 -30.046485900878906 2297
1576886088915 -2.0192651748657227 2298
1576886090135 23.74418830871582 2334
1576886091555 5.59160041809082 2368
1576886093020 1.8835859298706055 2400
1576886094359 -62.08413314819336 2432
1576886095816 17.192123413085938 2467
1576886097381 107.57514190673828 2507
1576886098137 -9.32099723815918 2525
1576886099312 -22.113723754882812 2555
1576886100748 -43.59535217285156 2589
1576886102237 32.66535949707031 2625
1576886103705 -32.72761917114258 2660
1576886105127 16.658021926879883 2694
1576886106627 9.73404312133789 2731
1576886108069 26.943984985351562 2765
1576886109612 -22.34743309020996 2803
1576886111161 -1.2742658853530884 2840
1576886112544 85.94200134277344 2872
1576886113919 -20.03639793395996 2905
1576886115368 46.24931335449219 2940
1576886116800 7.277542591094971 2973
1576886118318 15.947936058044434 3010
1576886119808 11.153227806091309 3044
1576886121189 48.785980224609375 3077
1576886122700 10.238224983215332 3114
1576886124134 2.410290479660034 3147
1576886125798 65.04520416259766 3187
1576886126279 -4.856282711029053 3190
1576886127386 16.75115394592285 3224
1576886128799 48.27263641357422 3259
1576886130194 12.516661643981934 3293
1576886131569 -52.0585823059082 3328
1576886133040 -2.5792179107666016 3365
1576886134558 38.861976623535156 3402
1576886135992 -57.165218353271484 3435
1576886137371 -25.90694808959961 3470
1576886138861 -7.704972267150879 3504
1576886140163 -80.2297592163086 3534
1576886141526 -38.15247344970703 3565
1576886142859 -24.593799591064453 3594
1576886144397 -8.790108680725098 3631
1576886145869 16.407197952270508 3666
1576886147377 48.92401885986328 3702
1576886148727 35.737571716308594 3734
1576886150187 94.6856918334961 3769
1576886151706 31.440837860107422 3804
1576886153124 17.338619232177734 3837
1576886154553 11.665586471557617 3871
1576886156011 -13.437299728393555 3903
1576886157292 68.4612808227539 3934
1576886158698 -43.084449768066406 3966
1576886160148 22.886119842529297 3999
1576886161518 16.326351165771484 4031
1576886162766 -4.673483371734619 4059
1576886164057 8.980107307434082 4091
1576886165431 -64.79946899414062 4126
1576886166870 -28.48269271850586 4157
1576886168453 77.60881805419922 4197
1576886170045 75.01116180419922 4236
1576886171514 -18.25664520263672 4271
1576886173011 -34.60060501098633 4306
1576886174262 -44.19660949707031 4334
1576886175709 -8.33413314819336 4368
1576886177152 39.22280502319336 4402
1576886178542 -21.89486312866211 4435
1576886179792 -60.064720153808594 4463
1576886181151 69.78801727294922 4497
1576886182641 76.02923583984375 4533
1576886184263 75.35334777832031 4573
1576886184909 -1.920506477355957 4585
1576886186121 -10.764960289001465 4616
1576886187424 -85.16213989257812 4644
1576886188758 -108.9674072265625 4676
1576886190016 -45.354007720947266 4706
1576886191455 84.99806213378906 4742
1576886192860 42.121646881103516 4776
1576886194395 32.47048568725586 4810
1576886195847 2.070631980895996 4844
1576886197227 25.64594841003418 4874
1576886198719 103.91044616699219 4911
1576886200157 -5.945908069610596 4947
1576886201684 33.732826232910156 4982
1576886203241 -15.631535530090332 5017
1576886204687 -43.29758071899414 5050
1576886206112 -34.86079406738281 5083
1576886207456 -38.032615661621094 5113
1576886208836 -30.47669219970703 5146
1576886210214 -17.822824478149414 5177
1576886211542 -45.8412971496582 5207
1576886213028 83.7293930053711 5243
1576886214541 -9.806270599365234 5279
1576886216083 80.3920669555664 5317
1576886217535 10.68366813659668 5352
1576886218981 -18.05170440673828 5386
1576886220411 -21.89369773864746 5422
1576886221815 2.6164979934692383 5454
1576886223326 -15.6939697265625 5491
1576886224878 -11.012238502502441 5526
1576886226336 23.010740280151367 5559
1576886227840 22.553144454956055 5595
1576886229423 121.33182525634766 5635
1576886230136 9.707572937011719 5653
1576886231451 22.21238899230957 5693
1576886232035 -2.0332138538360596 5699
1576886233296 -11.954174995422363 5736
1576886234748 -9.859742164611816 5769
1576886236351 23.982635498046875 5809
1576886236789 -0.6897201538085938 5810
1576886238044 -19.40443229675293 5850
1576886239668 -1.1969280242919922 5890
1576886240094 -1.0651991367340088 5891
1576886241243 3.7103195190429688 5926
1576886242718 9.863481521606445 5962
1576886244282 -3.7352097034454346 6002
1576886245981 122.77238464355469 6041
1576886247463 16.686790466308594 6076
1576886248913 -44.37467575073242 6110
1576886250451 28.73065948486328 6147
1576886252056 50.12443923950195 6187
1576886252610 -4.286394119262695 6191
1576886253810 5.243814945220947 6226
1576886255268 -76.60499572753906 6258
1576886256673 -65.27544403076172 6293
1576886258253 28.700420379638672 6333
1576886258681 -1.0493923425674438 6334
1576886259794 -29.25420379638672 6369
1576886261203 12.248346328735352 6404
1576886262606 67.74030303955078 6438
1576886264092 -2.670402765274048 6473
1576886265477 67.73341369628906 6507
1576886266948 -78.54914093017578 6541
1576886268419 18.335281372070312 6575
1576886269911 -1.0309410095214844 6612
1576886271408 -4.416263580322266 6646
1576886272709 45.550865173339844 6677
1576886274228 -31.724349975585938 6714
1576886275645 21.555355072021484 6750
1576886277101 36.618202209472656 6784
1576886278478 23.09729766845703 6819
1576886279949 -14.653685569763184 6854
1576886281397 -50.29485321044922 6888
1576886282879 -8.107237815856934 6924
1576886284389 13.946629524230957 6961
1576886285991 64.59541320800781 6998
1576886287389 8.57493782043457 7030
1576886288692 -38.66613006591797 7060
1576886290161 -90.74737548828125 7095
1576886291570 -2.7422091960906982 7128
1576886293154 -4.381850242614746 7167
1576886294679 -6.319301128387451 7204
1576886296270 102.65912628173828 7243
1576886297690 34.51773452758789 7277
1576886299193 57.44582748413086 7313
1576886300712 12.948429107666016 7351
1576886302300 56.16914749145508 7389
1576886303762 -0.1590014398097992 7423
1576886305352 0.808918833732605 7461
1576886306808 -33.038780212402344 7495
1576886308404 35.292091369628906 7535
1576886308825 -0.49003416299819946 7536
1576886310051 -27.808696746826172 7570
1576886311586 27.453041076660156 7610
1576886312035 -0.5360817313194275 7611
1576886313236 72.44215393066406 7648
1576886314741 -56.17850875854492 7684
1576886316226 -4.893643856048584 7723
1576886317764 -63.520652770996094 7759
1576886319145 -141.68655395507812 7790
1576886320658 -16.08722496032715 7830
1576886322146 -108.4056396484375 7863
1576886323712 124.88240051269531 7903
1576886324212 2.424286127090454 7907
1576886325348 12.771929740905762 7941
1576886326886 122.77027893066406 7978
1576886328347 -9.078027725219727 8013
1576886329931 105.75727081298828 8053
1576886330351 -0.7171722650527954 8054
1576886331607 68.42127227783203 8093
1576886333128 82.21197509765625 8132
1576886334610 9.25490665435791 8167
1576886336256 55.520477294921875 8205
1576886337726 -5.144128322601318 8239
1576886339289 -36.05276870727539 8279
1576886339797 -1.5397695302963257 8283
1576886341083 -16.900821685791016 8322
1576886342512 -61.05686569213867 8355
1576886344026 -6.895132541656494 8390
1576886345417 -41.67447280883789 8424
1576886346918 -23.06911849975586 8460
1576886348319 -79.55741882324219 8492
1576886349766 11.18508529663086 8527
1576886351280 -52.00815963745117 8567
1576886351766 -2.22865891456604 8570
1576886352961 -6.849954128265381 8602
1576886354293 51.57527542114258 8634
1576886355783 52.96928024291992 8671
1576886357245 13.945799827575684 8704
1576886358609 63.73428726196289 8736
1576886359974 46.24049377441406 8767
1576886361497 39.21729278564453 8804
1576886362999 104.72535705566406 8842
1576886364523 46.0727424621582 8882
1576886365862 -26.5200252532959 8914
1576886367349 -76.29419708251953 8948
1576886368882 -29.886138916015625 8983
1576886370390 -35.82415008544922 9018
1576886371925 -99.54609680175781 9054
1576886373428 -26.815689086914062 9089
1576886374804 -68.16246795654297 9122
1576886376349 -14.02567195892334 9158
1576886377906 51.41927719116211 9197
1576886379438 29.403329849243164 9234
1576886380844 61.9237060546875 9267
1576886382267 30.31111717224121 9299
1576886383879 74.18988037109375 9339
1576886385332 63.42918395996094 9372
1576886386805 78.76815795898438 9409
1576886388316 46.28367233276367 9446
1576886389840 104.18901062011719 9484
1576886391365 -15.568865776062012 9524
1576886391981 0.8414050936698914 9532
1576886393160 -70.97542572021484 9565
1576886394542 -34.9761962890625 9597
1576886395890 -83.81499481201172 9630
1576886397282 -63.174922943115234 9662
1576886398732 11.794482231140137 9697
1576886400317 53.835548400878906 9737
1576886401919 -28.685791015625 9777
1576886402434 0.8715783357620239 9781
1576886403720 43.31703186035156 9819
1576886405142 -20.63402557373047 9852
1576886406675 120.56814575195312 9891
1576886408064 1.527909517288208 9925
1576886409480 52.15961456298828 9959
1576886410918 -20.479883193969727 9992
1576886412222 44.40632629394531 10024
1576886413650 5.077370643615723 10062
1576886415057 6.838253974914551 10094
1576886416571 -10.530613899230957 10131
1576886418215 1.217464804649353 10168
1576886419641 -32.042694091796875 10201
1576886420992 -47.490142822265625 10236
1576886422415 -58.99656677246094 10271
1576886423902 -9.480406761169434 10305
1576886425451 -2.6548244953155518 10341
1576886427062 -28.36617660522461 10381
1576886427549 -1.709124207496643 10384
1576886428772 35.27983093261719 10417
1576886430110 -55.80943298339844 10451
1576886431562 -4.453785419464111 10484
1576886433193 4.940502643585205 10524
1576886433666 0.43569132685661316 10526
1576886434831 36.3441276550293 10559
1576886436220 33.78216552734375 10593
1576886437792 70.55548095703125 10633
1576886438309 -1.0479451417922974 10636
1576886439581 55.61341094970703 10672
1576886441306 -35.474308013916016 10712
1576886442004 11.62522029876709 10724
1576886443356 -6.169684410095215 10762
1576886444755 -44.50204849243164 10797
1576886446084 5.135979175567627 10829
1576886447537 29.241191864013672 10862
1576886448989 38.90071487426758 10896
1576886450467 28.06291961669922 10934
1576886451936 51.382816314697266 10969
1576886453564 -2.6318790912628174 11007
1576886455028 -28.62130355834961 11040
1576886456479 4.515190124511719 11077
1576886457944 14.1734037399292 11111
1576886459332 -35.51900863647461 11146
1576886460830 -68.2770004272461 11181
1576886462431 62.282718658447266 11221
1576886462923 -0.023776665329933167 11224
1576886464148 -36.52027893066406 11258
1576886465674 -10.361711502075195 11298
1576886466110 -0.45047810673713684 11299
1576886467427 39.080081939697266 11337
1576886468884 -19.610506057739258 11372
1576886470267 22.395151138305664 11404
1576886471871 44.270851135253906 11444
1576886473389 22.012332916259766 11482
1576886474996 6.028868198394775 11521
1576886476493 36.26572036743164 11557
1576886478003 -34.24239730834961 11595
1576886479511 42.30997848510742 11629
1576886481009 12.843415260314941 11664
1576886482472 5.403902053833008 11703
1576886483957 8.160101890563965 11737
1576886485440 -20.832523345947266 11771
1576886487024 51.617801666259766 11809
1576886488612 15.451157569885254 11849
1576886490068 -43.284873962402344 11883
1576886491490 -33.68392562866211 11915
1576886492925 -19.38182830810547 11948
1576886494367 -12.413775444030762 11987
1576886495828 -55.817317962646484 12020
1576886497249 19.473628997802734 12054
1576886498713 41.34015655517578 12088
1576886500201 10.652448654174805 12125
1576886501721 5.858945369720459 12162
1576886503095 -24.923913955688477 12195
1576886504632 19.469446182250977 12233
1576886506119 6.850317478179932 12267
1576886507694 -23.982149124145508 12305
1576886509372 23.83171844482422 12344
1576886510856 20.95669174194336 12380
1576886512305 81.0136947631836 12412
1576886513709 22.589399337768555 12445
1576886515241 31.457361221313477 12482
1576886516891 -4.359365463256836 12522
1576886518360 -90.56663513183594 12556
1576886519891 -12.65204906463623 12593
1576886521309 -33.82144546508789 12626
1576886522796 60.555782318115234 12663
1576886524309 19.66020393371582 12701
1576886525819 4.844277858734131 12737
1576886527237 24.1329345703125 12770
1576886528541 -5.1757330894470215 12802
1576886529959 -46.9243049621582 12835
1576886531336 -74.16997528076172 12866
1576886532801 -42.81320571899414 12904
1576886534411 1.37807035446167 12942
1576886535937 -9.029406547546387 12974
1576886537326 17.53273582458496 13008
1576886538874 1.0816147327423096 13044
1576886540354 53.65320587158203 13079
1576886541935 106.45806884765625 13118
1576886543425 75.77125549316406 13153
1576886544895 16.752803802490234 13190
1576886546427 -1.3711389303207397 13225
1576886547795 14.98741340637207 13256
1576886549334 42.736236572265625 13291
1576886550817 -23.33174705505371 13327
1576886552329 3.568294048309326 13361
1576886553862 54.301612854003906 13401
1576886554298 0.035389725118875504 13402
1576886555476 16.838022232055664 13439
1576886557044 -51.96671676635742 13476
1576886558590 -77.31656646728516 13511
1576886560128 -14.232122421264648 13548
1576886561592 -86.3895034790039 13582
1576886563127 -79.91487884521484 13619
1576886564822 -11.63257122039795 13657
1576886566288 -27.08693504333496 13691
1576886567865 55.64635467529297 13731
1576886568333 -0.1935708224773407 13733
1576886569513 8.241278648376465 13767
1576886571015 -12.77830982208252 13805
1576886572509 -4.437739372253418 13839
1576886573977 30.29683494567871 13874
1576886575530 114.2236328125 13914
1576886575978 0.029151786118745804 13915
1576886577197 69.92391967773438 13951
1576886578718 35.03699493408203 13984
1576886580149 -15.660555839538574 14018
1576886581559 27.416959762573242 14053
1576886583048 46.89506912231445 14087
1576886584669 73.406005859375 14127
1576886586144 20.631935119628906 14160
1576886587702 64.88336181640625 14200
1576886589267 -16.531190872192383 14240
1576886589760 0.2977083921432495 14242
1576886591008 -54.482303619384766 14277
1576886592423 -55.26640319824219 14310
1576886593958 -109.16911315917969 14345
1576886595477 -5.874227523803711 14380
1576886597023 -43.671913146972656 14416
1576886598467 10.237992286682129 14451
1576886599942 28.983688354492188 14488
1576886601471 -0.6930477023124695 14523
1576886603078 5.0183258056640625 14560
1576886604655 37.71078109741211 14600
1576886605107 -0.4709707796573639 14601
1576886606348 6.479808330535889 14635
1576886607807 1.9235199689865112 14668
1576886609375 -10.974634170532227 14707
1576886610845 19.77802276611328 14740
1576886612323 -46.2996826171875 14774
1576886613671 25.767004013061523 14808
1576886615160 -40.68560791015625 14844
1576886616578 -38.18313217163086 14879
1576886618008 27.46471405029297 14914
1576886619576 0.028597846627235413 14954
1576886621234 21.30091094970703 14994
1576886621710 -0.547753632068634 14996
1576886622823 1.3031439781188965 15028
1576886624384 48.59836196899414 15068
1576886624875 -0.917934775352478 15071
1576886626112 -82.23651885986328 15106
1576886627497 -1.991806149482727 15139
1576886629077 86.75948333740234 15177
1576886630514 -17.034347534179688 15207
1576886631953 69.81800842285156 15243
1576886633443 -15.561416625976562 15277
1576886634979 10.322917938232422 15314
1576886636540 -15.751455307006836 15349
1576886638110 -26.34169578552246 15385
1576886639747 31.982046127319336 15424
1576886641390 16.92560386657715 15463
1576886642980 12.195455551147461 15500
1576886644633 34.70351028442383 15538
1576886646240 -18.3586368560791 15577
1576886647759 29.394655227661133 15614
1576886649249 -15.318243026733398 15650
1576886650654 -54.13373565673828 15683
1576886652106 34.41561508178711 15717
1576886653542 -24.709667205810547 15751
1576886654985 -7.8948588371276855 15784
1576886656550 69.53877258300781 15821
1576886657964 -24.11058807373047 15857
1576886659488 33.83902359008789 15896
1576886660874 -6.084753513336182 15929
1576886662314 -29.949796676635742 15964
1576886663821 -8.370749473571777 16001
1576886665379 10.246699333190918 16037
1576886666904 -33.0611686706543 16071
1576886668374 37.49275588989258 16105
1576886669749 -17.141468048095703 16136
1576886671190 -28.64180564880371 16171
1576886672607 22.434738159179688 16207
1576886674147 -24.141374588012695 16242
1576886675626 74.74156188964844 16275
1576886677089 -4.042724609375 16311
1576886678587 29.135101318359375 16346
1576886680092 31.360023498535156 16380
1576886681591 -5.563730716705322 16416
1576886683082 -20.831253051757812 16449
1576886684565 32.168479919433594 16486
1576886686038 -23.58016014099121 16519
1576886687459 -37.70137023925781 16553
1576886688863 -24.028810501098633 16588
1576886690304 -19.38622283935547 16621
1576886691797 -14.14697551727295 16659
1576886693442 7.833573341369629 16697
1576886694874 11.825064659118652 16730
1576886696254 -38.079837799072266 16763
1576886697669 8.86661148071289 16798
1576886699351 98.36343383789062 16838
1576886699795 -0.2485608011484146 16839
1576886701097 82.0426025390625 16879
1576886701557 0.009603630751371384 16881
1576886702818 17.929636001586914 16917
1576886704362 44.72740173339844 16955
1576886705812 29.797550201416016 16990
1576886707211 -85.99502563476562 17022
1576886708735 -5.202516078948975 17058
1576886710139 18.752702713012695 17090
1576886711553 -26.797752380371094 17123
1576886713102 -35.69902038574219 17155
1576886714465 -7.560486316680908 17189
1576886715944 -25.715343475341797 17226
1576886717472 19.956771850585938 17262
1576886719000 -56.36320114135742 17300
1576886720368 20.407732009887695 17331
1576886721854 36.60039138793945 17367
1576886723304 95.23225402832031 17402
1576886724788 6.1579203605651855 17434
1576886726115 -31.50986671447754 17464
1576886727505 37.617088317871094 17499
1576886729081 60.332115173339844 17539
1576886730731 -49.029090881347656 17578
1576886732224 -35.975608825683594 17612
1576886733599 -41.83788299560547 17644
1576886735050 18.488601684570312 17678
1576886736649 62.52250289916992 17718
1576886737132 2.344259262084961 17721
1576886738257 -28.798065185546875 17753
1576886739827 34.191368103027344 17790
1576886741337 41.928653717041016 17826
1576886742908 -52.7081413269043 17861
1576886744472 62.0644416809082 17897
1576886745860 5.98696231842041 17930
1576886747253 37.385520935058594 17966
1576886748771 -2.6536667346954346 17999
1576886750124 -40.2828483581543 18030
1576886751605 -88.4571304321289 18066
1576886753128 -20.05049705505371 18099
1576886754620 -50.93882369995117 18133
1576886756102 4.545154094696045 18170
1576886757646 35.090335845947266 18207
1576886759155 44.20463562011719 18241
1576886760662 49.528133392333984 18276
1576886762126 42.25041961669922 18309
1576886763611 85.49835968017578 18346
1576886765156 16.00847053527832 18383
1576886766647 3.858578681945801 18418
1576886768178 -27.11601448059082 18453
1576886769657 -9.979473114013672 18485
1576886771023 -11.496676445007324 18519
1576886772435 8.979358673095703 18552
1576886773874 6.54323673248291 18586
1576886775284 4.677037239074707 18616
1576886776788 8.359380722045898 18654
1576886778324 7.377220630645752 18689
1576886779775 -47.29105758666992 18722
1576886781234 15.959242820739746 18755
1576886782703 -23.815099716186523 18791
1576886784263 -12.899717330932617 18828
1576886785760 67.68063354492188 18865
1576886787250 -12.441329956054688 18900
1576886788661 -52.97349166870117 18934
1576886790127 -6.795215129852295 18969
1576886791498 -2.067888021469116 19002
1576886792942 -65.65816497802734 19035
1576886794498 26.483957290649414 19072
1576886796015 -9.04951286315918 19108
1576886797478 37.60490036010742 19141
1576886798866 42.00991439819336 19175
1576886800442 84.03276824951172 19215
1576886801853 23.47469139099121 19248
1576886803407 -2.047501564025879 19285
1576886804894 7.421765327453613 19316
1576886806356 -9.685310363769531 19351
1576886807809 0.09608982503414154 19384
1576886809262 77.88169860839844 19420
1576886810701 -55.83529281616211 19452
1576886812261 54.83831024169922 19489
1576886813775 47.63063049316406 19526
1576886815291 -34.006614685058594 19560
1576886816718 -15.150520324707031 19593
1576886818087 -47.14852523803711 19624
1576886819588 27.13162612915039 19662
1576886821113 -30.63791847229004 19697
1576886822489 -32.94533157348633 19729
1576886824037 14.286913871765137 19767
1576886825602 -12.303983688354492 19804
1576886827110 -47.301849365234375 19838
1576886828603 -4.146684169769287 19874
1576886830158 41.99566650390625 19912
1576886831651 4.818112373352051 19946
1576886833258 37.663307189941406 19986
1576886833705 -0.17349666357040405 19987
1576886834849 -8.691312789916992 20020
1576886836422 47.48857879638672 20057
1576886838007 52.924068450927734 20094
1576886839444 -72.50473022460938 20127
1576886840902 32.521156311035156 20160
1576886842473 -13.305974006652832 20200
1576886843919 42.00778579711914 20229
1576886845316 -37.18657302856445 20262
1576886846932 50.17245864868164 20301
1576886848462 -8.730774879455566 20337
1576886849961 -32.40085983276367 20373
1576886851560 -8.838081359863281 20410
1576886853125 -14.281432151794434 20444
1576886854702 5.133657455444336 20481
1576886856135 -21.779335021972656 20514
1576886857677 14.087888717651367 20550
1576886859146 -12.874342918395996 20582
1576886860701 -3.2131054401397705 20619
1576886862168 0.8328873515129089 20654
1576886863632 26.301815032958984 20687
1576886865082 12.638960838317871 20721
1576886866557 40.632389068603516 20756
1576886868031 1.9260908365249634 20791
1576886869416 -12.760298728942871 20825
1576886870915 126.58257293701172 20865
1576886871516 8.249512672424316 20873
1576886872828 44.18830108642578 20913
1576886874424 -0.2562645673751831 20951
1576886875864 -38.40591812133789 20983
1576886877302 4.242336750030518 21018
1576886878921 -9.77476978302002 21054
1576886880553 -43.00115966796875 21092
1576886881936 -1.611564040184021 21125
1576886883622 -5.549283504486084 21161
1576886884985 -15.614806175231934 21192
1576886886467 -5.572168827056885 21229
1576886887862 4.755156517028809 21261
1576886889363 22.432918548583984 21297
1576886890737 -0.23382052779197693 21328
1576886892169 0.3748251795768738 21362
1576886893684 22.44740867614746 21396
1576886895136 32.670379638671875 21431
1576886896766 6.243216514587402 21471
1576886897342 0.8879224061965942 21475
1576886898614 24.154834747314453 21511
1576886900165 33.98109436035156 21549
1576886901703 9.438405990600586 21584
1576886903315 -40.65061569213867 21624
1576886903770 -0.6977543234825134 21626
1576886905003 -28.53441047668457 21662
1576886906549 -5.832285404205322 21697
1576886907957 -2.7608346939086914 21729
1576886909574 5.995720863342285 21769
1576886910133 1.1926120519638062 21773
1576886911309 -40.60972595214844 21805
1576886912713 3.2657666206359863 21838
1576886914189 35.84745788574219 21874
1576886915707 37.260005950927734 21908
1576886917168 -49.04897689819336 21942
1576886918752 9.309747695922852 21982
1576886920289 -12.068678855895996 22016
1576886921714 -25.21663475036621 22049
1576886923179 18.18359375 22084
1576886924649 34.041011810302734 22117
1576886926149 -29.373924255371094 22153
1576886927609 65.49749755859375 22187
1576886929134 32.47581481933594 22223
1576886930601 51.078121185302734 22257
1576886932064 -4.345284938812256 22290
1576886933494 1.8282921314239502 22321
1576886934899 -11.031332969665527 22354
1576886936355 6.01252555847168 22390
1576886937822 -88.5737533569336 22424
1576886939340 26.718862533569336 22458
1576886940869 13.255987167358398 22493
1576886942440 -22.605693817138672 22530
1576886944062 13.574714660644531 22566
1576886945692 71.93438720703125 22606
1576886946147 0.23868459463119507 22607
1576886947329 -5.495081901550293 22641
1576886948973 17.61147117614746 22680
1576886950501 32.105770111083984 22717
1576886951976 -23.030385971069336 22753
1576886953436 -33.14846420288086 22785
1576886954892 -28.947763442993164 22817
1576886956328 -28.983577728271484 22852
1576886957902 29.080810546875 22888
1576886959520 48.3748893737793 22925
1576886960960 13.633233070373535 22958
1576886962399 2.282574415206909 22993
1576886963858 -10.115860939025879 23024
1576886965430 -28.694564819335938 23061
1576886966826 -19.749889373779297 23091
1576886968221 -56.57875061035156 23124
1576886969682 -24.6694393157959 23157
1576886971221 71.84248352050781 23196
1576886972672 -10.903135299682617 23230
1576886974119 -9.964042663574219 23264
1576886975742 30.529874801635742 23303
1576886977208 8.68191146850586 23337
1576886978638 -48.933372497558594 23371
1576886980148 -3.1337881088256836 23407
1576886981726 -12.509176254272461 23444
1576886983241 -5.396279811859131 23478
1576886984687 25.754976272583008 23511
1576886986139 5.649874687194824 23547
1576886987681 21.33106803894043 23580
1576886989207 46.79098129272461 23614
1576886990766 128.32188415527344 23653
1576886992180 11.270572662353516 23687
1576886993792 -48.677547454833984 23724
1576886995317 -9.027701377868652 23759
1576886996851 -5.7404022216796875 23799
1576886998372 -35.494117736816406 23836
1576887000049 5.145042896270752 23876
1576887001469 -21.20484733581543 23905
1576887002899 25.924489974975586 23937
1576887004393 9.180975914001465 23973
1576887005899 -19.99772834777832 24009
1576887007476 9.322468757629395 24045
1576887009008 -28.608705520629883 24079
1576887010381 -18.807308197021484 24111
1576887011872 -6.492888927459717 24145
1576887013491 -3.9156668186187744 24185
1576887013971 -0.9441106915473938 24186
1576887015118 -5.553125381469727 24217
1576887016623 64.85269165039062 24254
1576887018138 60.169471740722656 24286
1576887019567 -19.69624900817871 24318
1576887020951 6.344466686248779 24351
1576887022417 26.717851638793945 24384
1576887023901 27.317873001098633 24419
1576887025370 9.568634033203125 24455
1576887026755 -11.723634719848633 24487
1576887028357 48.58552551269531 24527
1576887028831 0.6929299235343933 24529
1576887030105 -21.535541534423828 24564
1576887031596 -11.948819160461426 24599
1576887033079 18.455677032470703 24633
1576887034621 -50.431610107421875 24669
1576887036054 -0.4276520013809204 24701
1576887037502 -11.490870475769043 24734
1576887038944 -27.369518280029297 24766
1576887040391 12.850894927978516 24802
1576887041970 -38.10066604614258 24838
1576887043514 37.11222457885742 24874
1576887045189 51.92696762084961 24914
1576887046785 39.1453742980957 24951
1576887048285 -21.50712776184082 24985
1576887049742 1.542814016342163 25018
1576887051182 5.899094581604004 25053
1576887052702 35.480777740478516 25086
1576887054089 -12.849357604980469 25121
1576887055511 11.89401912689209 25154
1576887056894 24.186153411865234 25187
1576887058341 36.392189025878906 25221
1576887059790 -4.850458145141602 25253
1576887061138 33.62686538696289 25288
1576887062533 -76.89237213134766 25320
1576887063959 -43.69597244262695 25353
1576887065397 -15.72435188293457 25386
1576887066874 -7.600214958190918 25420
1576887068342 -14.164320945739746 25456
1576887069848 5.784215927124023 25490
1576887071240 25.521787643432617 25520
1576887072606 -15.149353981018066 25551
1576887074114 6.8642401695251465 25587
1576887075530 29.588945388793945 25619
1576887077022 -13.02269458770752 25654
1576887078598 -9.673589706420898 25689
1576887080025 -47.965576171875 25721
1576887081496 34.182762145996094 25754
1576887082811 -15.611793518066406 25784
1576887084439 4.439218997955322 25821
1576887085885 26.45663833618164 25856
1576887087357 68.68830108642578 25892
1576887088869 -10.534924507141113 25926
1576887090349 22.23740577697754 25962
1576887091740 -20.821687698364258 25994
1576887093225 -18.022966384887695 26028
1576887094753 3.6055233478546143 26063
1576887096241 -29.014564514160156 26094
1576887097712 19.989591598510742 26129
1576887099217 -24.907575607299805 26163
1576887100664 35.33182907104492 26198
1576887102143 10.432611465454102 26235
1576887103574 -16.55649185180664 26271
1576887105106 -22.73580551147461 26306
1576887106658 -22.294321060180664 26344
1576887108234 46.748226165771484 26380
1576887109740 0.7337862849235535 26414
1576887111126 -15.069987297058105 26445
1576887112565 26.497516632080078 26481
1576887114013 -7.909344673156738 26514
1576887115486 -20.4364070892334 26549
1576887116996 1.1546893119812012 26586
1576887118547 -5.75001335144043 26620
1576887120023 19.50674057006836 26654
1576887121448 -0.9537227153778076 26688
1576887123057 31.062334060668945 26727
1576887124579 -19.338132858276367 26760
1576887126148 27.129837036132812 26796
1576887127838 -3.3401999473571777 26836
1576887129341 10.990987777709961 26869
1576887130753 27.712886810302734 26901
1576887132282 14.191423416137695 26935
1576887133783 -0.8233704566955566 26974
1576887135292 -12.903656005859375 27008
1576887136808 18.858869552612305 27043
1576887138267 -57.790889739990234 27079
1576887139790 9.269847869873047 27116
1576887141242 18.47930908203125 27151
1576887142698 43.23126220703125 27183
1576887144183 -18.232051849365234 27219
1576887145658 4.319418430328369 27255
1576887147197 -6.411989688873291 27290
1576887148676 -0.3647826015949249 27321
1576887150181 -10.467582702636719 27357
1576887151628 11.80014705657959 27389
1576887153042 -31.21320152282715 27424
1576887154431 -40.00478744506836 27457
1576887156022 -5.929647445678711 27493
1576887157567 25.56918716430664 27529
1576887159041 34.06819152832031 27561
1576887160541 18.338438034057617 27594
1576887162081 12.509568214416504 27631
1576887163625 51.80192565917969 27668
1576887165125 5.504210948944092 27703
1576887166672 -14.296516418457031 27739
1576887168122 45.20263671875 27776
1576887169588 27.983922958374023 27803
1576887171056 -36.247100830078125 27835
1576887172493 -84.36744689941406 27868
1576887174030 19.036466598510742 27905
1576887175487 -40.04997253417969 27936
1576887176924 20.087343215942383 27970
1576887178309 9.296721458435059 28002
1576887179821 17.727758407592773 28037
1576887181192 49.14550018310547 28069
1576887182664 -22.72676658630371 28103
1576887184120 13.202608108520508 28136
1576887185557 -8.545618057250977 28172
1576887187057 60.64657211303711 28207
1576887188628 55.08134078979492 28243
1576887190248 -6.991358757019043 28281
1576887191741 18.530275344848633 28317
1576887193341 -7.101601600646973 28352
1576887194743 -15.409802436828613 28383
1576887196192 -8.846948623657227 28414
1576887197748 4.185932159423828 28449
1576887199149 11.61047077178955 28478
1576887200643 -21.489425659179688 28509
1576887202273 -11.275745391845703 28543
1576887203731 -34.98278045654297 28576
1576887205284 -13.055397987365723 28613
1576887206727 9.549421310424805 28647
1576887208317 -25.092594146728516 28683
1576887209967 38.03269577026367 28723
1576887210473 -1.070007085800171 28725
1576887211826 70.87846374511719 28762
1576887213244 33.4979362487793 28793
1576887214686 40.68795394897461 28827
1576887216091 27.11208152770996 28861
1576887217601 117.19178009033203 28901
1576887218221 10.080610275268555 28912
1576887219469 40.09270095825195 28948
1576887221046 8.930181503295898 28987
1576887222459 -31.190351486206055 29020
1576887224057 -10.913122177124023 29059
1576887225795 -48.44192886352539 29099
1576887227356 -32.33951950073242 29132
1576887228881 -73.1877670288086 29168
1576887230380 -31.86579132080078 29204
1576887231876 -24.331005096435547 29237
1576887233318 -28.363832473754883 29270
1576887234773 -20.37757682800293 29303
1576887236252 46.680763244628906 29337
1576887237681 18.842016220092773 29369
1576887239172 8.194463729858398 29401
1576887240651 25.024873733520508 29435
1576887242204 20.457645416259766 29472
1576887243701 71.28136444091797 29506
1576887245146 50.656455993652344 29539
1576887246668 34.640602111816406 29574
1576887248173 40.27172088623047 29608
1576887249809 44.15348815917969 29648
1576887250270 0.09425831586122513 29649
1576887251631 50.99583053588867 29689
1576887253188 29.324888229370117 29725
1576887254754 18.404760360717773 29758
1576887256301 -10.7433443069458 29792
1576887257746 -24.497817993164062 29826
1576887259221 -28.200441360473633 29860
1576887260703 0.30890828371047974 29895
1576887262199 -27.497621536254883 29929
1576887263639 -27.70485496520996 29963
1576887265073 -25.916902542114258 29996
1576887266619 -91.15676879882812 30033
1576887268062 -23.1843204498291 30066
1576887269531 33.503177642822266 30102
1576887271077 -13.175397872924805 30139
1576887272557 41.747432708740234 30172
1576887274065 12.733406066894531 30209
1576887275615 -43.332115173339844 30243
1576887277051 8.253605842590332 30277
1576887278484 68.08435821533203 30310
1576887279903 39.16159439086914 30341
1576887281357 54.27113723754883 30377
1576887282839 -21.458269119262695 30410
1576887284347 2.9637765884399414 30444
1576887285798 34.6533203125 30476
1576887287196 -52.0129508972168 30507
1576887288661 17.419519424438477 30542
1576887290053 -9.71999454498291 30573
1576887291429 -29.24000358581543 30606
1576887293070 43.78181838989258 30646
1576887293565 1.205272912979126 30648
1576887294839 26.03623390197754 30684
1576887296346 62.46103286743164 30722
1576887297797 16.745454788208008 30755
1576887299476 -44.90577697753906 30795
1576887299964 -1.4415349960327148 30796
1576887301208 1.8606947660446167 30832
1576887302614 -20.999406814575195 30864
1576887304085 -31.455961227416992 30900
1576887305709 14.329455375671387 30940
1576887306170 -0.13216754794120789 30941
1576887307277 -46.85206604003906 30972
1576887308756 -42.07545471191406 31006
1576887310163 36.256072998046875 31036
1576887311601 -6.772923469543457 31069
1576887313047 11.834490776062012 31102
1576887314529 -13.363601684570312 31139
1576887315885 17.553224563598633 31171
1576887317274 -2.8095703125 31202
1576887318860 63.83938217163086 31242
1576887320567 40.18082809448242 31282
1576887322153 56.20243835449219 31322
1576887323661 47.27076721191406 31358
1576887325230 -25.227075576782227 31393
1576887326814 0.4725308120250702 31429
1576887328335 -77.01734161376953 31465
1576887329908 31.30122184753418 31501
1576887331424 11.076272010803223 31535
1576887332953 -34.357784271240234 31569
1576887334667 9.090255737304688 31609
1576887336163 11.087258338928223 31643
1576887337559 -34.51911926269531 31675
1576887338997 -17.242216110229492 31711
1576887340651 25.20894432067871 31751
1576887341101 -0.18325333297252655 31752
1576887342348 67.0048828125 31788
1576887343913 -14.11298942565918 31823
1576887345424 -48.527591705322266 31856
1576887346871 71.06604766845703 31887
1576887348341 -14.87371826171875 31919
1576887349831 -12.356878280639648 31953
1576887351237 -7.657040596008301 31984
1576887352745 44.908470153808594 32021
1576887354279 10.488787651062012 32056
1576887355879 -7.246617317199707 32093
1576887357306 -71.54842376708984 32127
1576887358773 12.449548721313477 32160
1576887360284 -2.8448262214660645 32196
1576887361769 -21.665416717529297 32232
1576887363341 -7.179303169250488 32267
1576887364889 15.954410552978516 32301
1576887366490 -27.550317764282227 32337
1576887367927 -27.54170799255371 32373
1576887369404 10.442176818847656 32408
1576887370828 12.033167839050293 32442
1576887372282 29.035812377929688 32475
1576887373797 -18.018892288208008 32508
1576887375287 43.111961364746094 32545
1576887376733 -4.954136848449707 32578
1576887378159 1.593994140625 32610
1576887379544 16.89776039123535 32641
1576887380975 -30.336559295654297 32674
1576887382550 5.635534286499023 32709
1576887384031 6.690295219421387 32744
1576887385562 25.882049560546875 32780
1576887387014 17.205703735351562 32815
1576887388433 6.182665824890137 32849
1576887389882 11.579774856567383 32885
1576887391431 -32.22222137451172 32919
1576887392869 -13.915884971618652 32952
1576887394468 -13.66875171661377 32989
1576887395914 6.458376884460449 33025
1576887397388 5.1719536781311035 33058
1576887399015 -30.218496322631836 33095
1576887400480 -29.220651626586914 33127
1576887401972 -11.028605461120605 33163
1576887403460 8.893238067626953 33197
1576887404956 68.54061126708984 33232
1576887406471 17.250349044799805 33266
1576887408014 24.25653076171875 33303
1576887409549 -52.27236557006836 33337
1576887411014 -17.724672317504883 33369
1576887412653 4.914639472961426 33406
1576887414193 12.7476167678833 33442
1576887415741 32.993408203125 33476
1576887417286 30.346012115478516 33512
1576887418792 30.5994930267334 33546
1576887420192 -12.647306442260742 33579
1576887421622 3.2747926712036133 33610
1576887423163 9.709396362304688 33648
1576887424677 -33.984954833984375 33682
1576887426140 -7.553060531616211 33717
1576887427680 -8.230130195617676 33751
1576887429240 19.93027114868164 33783
1576887430738 40.477508544921875 33817
1576887432203 -29.672470092773438 33850
1576887433613 12.217068672180176 33882
1576887435288 -15.325557708740234 33922
1576887435791 2.496354103088379 33924
1576887437074 -31.021881103515625 33960
1576887438636 -6.152630805969238 33995
1576887440144 7.561886787414551 34027
1576887441657 3.178328037261963 34062
1576887443175 7.880669116973877 34097
1576887444674 25.448654174804688 34132
1576887446184 53.370399475097656 34168
1576887447622 8.587939262390137 34200
1576887448997 -19.932540893554688 34233
1576887450392 -22.590085983276367 34265
1576887451909 -15.186631202697754 34300
1576887453469 -16.137218475341797 34335
1576887454993 -23.766326904296875 34369
1576887456400 25.150842666625977 34402
1576887457918 -24.956533432006836 34438
1576887459462 -0.71058589220047 34474
1576887460945 -21.121076583862305 34507
1576887462423 0.944579541683197 34543
1576887463914 3.704890012741089 34578
1576887465407 8.464168548583984 34614
1576887466762 27.486135482788086 34640
1576887468290 56.00315475463867 34679
1576887469876 62.574031829833984 34714
1576887471333 28.68124008178711 34749
1576887472877 3.119817018508911 34787
1576887474365 -13.304365158081055 34821
1576887475897 29.158824920654297 34858
1576887477329 -16.12009048461914 34892
1576887478999 24.052043914794922 34932
1576887479514 0.5828164219856262 34935
1576887480725 -44.86397171020508 34969
1576887482276 -44.91820526123047 35005
1576887483874 -32.840415954589844 35041
1576887485452 -52.85321044921875 35079
