1576885993330 25.420270919799805 30
1576885994614 26.838031768798828 59
1576885996009 23.61490249633789 91
1576885997411 21.52503204345703 125
1576885998865 18.326616287231445 159
1576886000103 5.624269962310791 188
1576886001535 16.943334579467773 219
1576886002952 17.64810562133789 252
1576886004494 11.611541748046875 290
1576886006059 4.052465438842773 329
1576886007564 7.51757287979126 363
1576886008892 5.855640411376953 394
1576886010371 8.664200782775879 434
1576886010818 0.4514310956001282 436
1576886011990 14.227173805236816 470
1576886013207 25.66110610961914 498
1576886014511 8.85604476928711 528
1576886015765 8.670028686523438 556
1576886017146 6.627801418304443 589
1576886018476 5.443587303161621 618
1576886019781 5.8945112228393555 649
1576886021136 3.6352365016937256 680
1576886022482 4.4727888107299805 714
1576886023806 2.3273346424102783 745
1576886025221 8.966930389404297 779
1576886026621 1.7749640941619873 810
1576886027831 2.0083110332489014 839
1576886029118 4.125465393066406 870
1576886030430 2.9553120136260986 901
1576886031819 7.305976390838623 933
1576886033294 7.245296001434326 973
1576886034777 8.415207862854004 1007
1576886036188 4.486214637756348 1039
1576886037680 17.554073333740234 1077
1576886039133 2.4169504642486572 1110
1576886040460 5.732139587402344 1139
1576886041761 2.7767324447631836 1170
1576886042995 1.9267650842666626 1200
1576886044313 2.514317035675049 1231
1576886045632 3.5019094944000244 1264
1576886047102 5.030397891998291 1300
1576886048500 5.507803440093994 1333
1576886049781 4.403833389282227 1363
1576886051190 10.425992012023926 1398
1576886052757 4.233372211456299 1434
1576886054203 4.828539848327637 1468
1576886055560 3.548945426940918 1499
1576886057048 4.10081148147583 1539
1576886057494 0.49216708540916443 1541
1576886058829 8.980908393859863 1579
1576886060240 3.4383325576782227 1611
1576886061651 5.44684362411499 1647
1576886063097 1.525253415107727 1682
1576886064458 3.1973817348480225 1713
1576886065832 2.462385654449463 1747
1576886067172 3.108201265335083 1778
1576886068457 2.723578929901123 1809
1576886069796 2.5122458934783936 1840
1576886071275 7.429306983947754 1877
1576886072770 2.1872615814208984 1914
1576886074253 5.15545129776001 1948
1576886075519 6.279780864715576 1979
1576886077008 9.26078987121582 2017
1576886078545 5.8477044105529785 2056
1576886079843 4.5655975341796875 2086
1576886081172 2.0570333003997803 2118
1576886082577 2.6446616649627686 2153
1576886084032 2.5491526126861572 2188
1576886085502 6.478775501251221 2222
1576886086944 4.812952518463135 2257
1576886088466 4.46994686126709 2297
1576886088880 0.4590534269809723 2298
1576886090116 4.886549949645996 2334
1576886091537 2.536778688430786 2368
1576886093002 2.2004213333129883 2400
1576886094334 5.168310642242432 2432
1576886095797 1.929083228111267 2467
1576886097358 12.224437713623047 2507
1576886098110 0.7625572085380554 2525
1576886099294 2.89249324798584 2555
1576886100726 3.419835329055786 2589
1576886102219 3.5052683353424072 2625
1576886103686 5.12912654876709 2660
1576886105108 3.7331202030181885 2694
1576886106608 4.160742282867432 2731
1576886108051 2.4992477893829346 2765
1576886109594 2.2213027477264404 2803
1576886111142 1.6156291961669922 2840
1576886112525 9.479804992675781 2872
1576886113900 2.7162725925445557 2905
1576886115350 3.5162627696990967 2940
1576886116782 2.1688754558563232 2973
1576886118294 3.9251935482025146 3010
1576886119789 2.920788288116455 3044
1576886121170 4.53492546081543 3077
1576886122667 4.663703441619873 3114
1576886124115 2.169671058654785 3147
1576886125779 8.15321159362793 3187
1576886126243 0.5321621298789978 3190
1576886127367 3.4161295890808105 3224
1576886128779 3.137930393218994 3259
1576886130165 3.0258755683898926 3293
1576886131551 5.763931751251221 3328
1576886133022 2.559617280960083 3365
1576886134538 5.3524675369262695 3402
1576886135965 6.557787895202637 3435
1576886137352 2.535055160522461 3470
1576886138842 3.2820260524749756 3504
1576886140144 9.975184440612793 3534
1576886141504 3.808443307876587 3565
1576886142833 2.190048933029175 3594
1576886144378 3.2393579483032227 3631
1576886145851 4.320006370544434 3666
1576886147358 5.098236083984375 3702
1576886148708 2.2671918869018555 3734
1576886150168 10.835278511047363 3769
1576886151687 2.5033938884735107 3804
1576886153105 3.8619470596313477 3837
1576886154526 2.776838779449463 3871
1576886155993 2.9466943740844727 3903
1576886157265 8.086946487426758 3934
1576886158679 2.871359348297119 3966
1576886160121 3.432352066040039 3999
1576886161491 1.7305251359939575 4031
1576886162747 1.0840051174163818 4059
1576886164038 3.5172078609466553 4091
1576886165412 8.205862045288086 4126
1576886166849 1.908359169960022 4157
1576886168434 10.228189468383789 4197
1576886170026 8.99756145477295 4236
1576886171495 0.9292097687721252 4271
1576886172988 4.59333610534668 4306
1576886174239 3.832191228866577 4334
1576886175690 0.5300026535987854 4368
1576886177133 3.8333678245544434 4402
1576886178522 3.464827537536621 4435
1576886179761 6.17122745513916 4463
1576886181128 6.602086067199707 4497
1576886182613 6.0976481437683105 4533
1576886184244 6.357245922088623 4573
1576886184884 0.1311669498682022 4585
1576886186093 2.694021224975586 4616
1576886187400 9.16472339630127 4644
1576886188731 15.686308860778809 4676
1576886189997 3.507303476333618 4706
1576886191436 8.612594604492188 4742
1576886192839 4.416046142578125 4776
1576886194371 2.141479969024658 4810
1576886195828 3.3066136837005615 4844
1576886197208 1.995522141456604 4874
1576886198700 11.035648345947266 4911
1576886200126 2.660468101501465 4947
1576886201661 4.584906578063965 4982
1576886203220 2.10976505279541 5017
1576886204665 2.7802560329437256 5050
1576886206093 1.930709719657898 5083
1576886207436 2.895555019378662 5113
1576886208810 2.21211576461792 5146
1576886210179 2.7705721855163574 5177
1576886211522 3.6486356258392334 5207
1576886213004 8.610579490661621 5243
1576886214522 1.062447190284729 5279
1576886216063 6.819545269012451 5317
1576886217514 1.203951358795166 5352
1576886218946 2.0373826026916504 5386
1576886220391 1.5408388376235962 5422
1576886221794 1.1035078763961792 5454
1576886223307 1.4277383089065552 5491
1576886224857 2.1794168949127197 5526
1576886226310 3.056382894515991 5559
1576886227818 1.3219586610794067 5595
1576886229403 14.34716510772705 5635
1576886230113 0.8830755949020386 5653
1576886231430 1.837113618850708 5693
1576886231998 0.11326954513788223 5699
1576886233276 2.5599188804626465 5736
1576886234727 4.157288551330566 5769
1576886236329 3.3397204875946045 5809
1576886236758 0.04141348972916603 5810
1576886238024 3.6000020503997803 5850
1576886239649 1.4609780311584473 5890
1576886240059 0.0966397225856781 5891
1576886241223 2.1409521102905273 5926
1576886242699 4.701986789703369 5962
1576886244262 3.5057601928710938 6002
1576886245950 18.54315757751465 6041
1576886247443 2.2469027042388916 6076
1576886248894 3.971264362335205 6110
1576886250430 2.0757176876068115 6147
1576886252028 3.130558967590332 6187
1576886252572 0.4602907598018646 6191
1576886253782 2.5917317867279053 6226
1576886255249 9.20685863494873 6258
1576886256647 6.580043792724609 6293
1576886258234 2.8015174865722656 6333
1576886258642 0.08116521686315536 6334
1576886259773 1.7210156917572021 6369
1576886261183 1.3191477060317993 6404
1576886262586 6.607555389404297 6438
1576886264072 1.6224424839019775 6473
1576886265457 6.956484317779541 6507
1576886266928 6.353489398956299 6541
1576886268398 1.2582060098648071 6575
1576886269889 3.1056747436523438 6612
1576886271388 2.4336330890655518 6646
1576886272689 4.376899242401123 6677
1576886274208 2.6779279708862305 6714
1576886275624 2.482895612716675 6750
1576886277069 2.8805923461914062 6784
1576886278458 1.3671646118164062 6819
1576886279925 3.2288787364959717 6854
1576886281375 3.677985191345215 6888
1576886282859 1.223185420036316 6924
1576886284369 2.1138193607330322 6961
1576886285961 7.041879177093506 6998
1576886287369 1.3831961154937744 7030
1576886288670 4.044487953186035 7060
1576886290135 9.867314338684082 7095
1576886291549 1.7983133792877197 7128
1576886293135 0.584043025970459 7167
1576886294658 2.7375810146331787 7204
1576886296241 15.810599327087402 7243
1576886297670 2.9751393795013428 7277
1576886299173 4.7380900382995605 7313
1576886300692 1.442817211151123 7351
1576886302277 5.775994300842285 7389
1576886303740 1.1906623840332031 7423
1576886305323 1.9202625751495361 7461
1576886306782 1.9645841121673584 7495
1576886308368 3.0678536891937256 7535
1576886308787 0.02249438688158989 7536
1576886310025 3.6929614543914795 7570
1576886311557 2.084144353866577 7610
1576886312001 0.02762608416378498 7611
1576886313216 6.42358922958374 7648
1576886314719 5.083368301391602 7684
1576886316206 3.600541591644287 7723
1576886317738 7.743126392364502 7759
1576886319124 25.596975326538086 7790
1576886320637 1.383738398551941 7830
1576886322125 13.26390552520752 7863
1576886323683 17.038776397705078 7903
1576886324176 0.08732956647872925 7907
1576886325328 1.6764326095581055 7941
1576886326865 16.285167694091797 7978
1576886328325 1.3423879146575928 8013
1576886329911 10.813375473022461 8053
1576886330314 0.035457488149404526 8054
1576886331586 12.383075714111328 8093
1576886333099 8.104297637939453 8132
1576886334568 1.2960727214813232 8167
1576886336232 6.392714023590088 8205
1576886337699 1.1176362037658691 8239
1576886339267 3.0420074462890625 8279
1576886339762 0.08872959017753601 8283
1576886341061 1.6948977708816528 8322
1576886342491 7.537006378173828 8355
1576886343997 1.5536658763885498 8390
1576886345396 4.715432167053223 8424
1576886346896 1.7038742303848267 8460
1576886348295 10.755297660827637 8492
1576886349744 1.065332055091858 8527
1576886351259 5.981008052825928 8567
1576886351732 0.20792464911937714 8570
1576886352940 2.3583836555480957 8602
1576886354271 6.052823066711426 8634
1576886355756 7.420065879821777 8671
1576886357224 1.4492075443267822 8704
1576886358588 6.50261116027832 8736
1576886359944 4.733037948608398 8767
1576886361476 3.1166248321533203 8804
1576886362972 14.690023422241211 8842
1576886364502 4.688074111938477 8882
1576886365840 3.6449568271636963 8914
1576886367328 9.303872108459473 8948
1576886368860 2.8492798805236816 8983
1576886370369 2.524585485458374 9018
1576886371902 12.606330871582031 9054
1576886373406 3.5437707901000977 9089
1576886374783 8.25928020477295 9122
1576886376328 1.9031683206558228 9158
1576886377877 4.617460250854492 9197
1576886379403 2.3616716861724854 9234
1576886380820 5.489255905151367 9267
1576886382245 3.049722909927368 9299
1576886383845 10.614862442016602 9339
1576886385297 8.253870964050293 9372
1576886386784 7.745941162109375 9409
1576886388294 3.574542999267578 9446
1576886389818 15.287687301635742 9484
1576886391332 2.7797553539276123 9524
1576886391952 0.1255015730857849 9532
1576886393136 8.512565612792969 9565
1576886394515 3.089053153991699 9597
1576886395864 8.453099250793457 9630
1576886397257 6.916675090789795 9662
1576886398699 2.061575412750244 9697
1576886400295 4.97665548324585 9737
1576886401898 3.3607535362243652 9777
1576886402398 0.11169737577438354 9781
1576886403698 5.003339767456055 9819
1576886405120 1.015236258506775 9852
1576886406654 14.258439064025879 9891
1576886408033 2.26656174659729 9925
1576886409458 4.9824748039245605 9959
1576886410893 2.2257022857666016 9992
1576886412192 5.26227331161499 10024
1576886413629 1.722882628440857 10062
1576886415034 2.5586860179901123 10094
1576886416549 1.473266839981079 10131
1576886418171 1.1307096481323242 10168
1576886419619 2.9357657432556152 10201
1576886420970 3.56593656539917 10236
1576886422394 8.131392478942871 10271
1576886423879 1.5298891067504883 10305
1576886425429 0.6213609576225281 10341
1576886427031 2.7026925086975098 10381
1576886427513 0.09139962494373322 10384
1576886428750 2.934297561645508 10417
1576886430088 4.708860874176025 10451
1576886431539 2.546248435974121 10484
1576886433168 3.121401071548462 10524
1576886433624 0.058966852724552155 10526
1576886434805 4.468510150909424 10559
1576886436198 1.7719366550445557 10593
1576886437771 6.402711391448975 10633
1576886438271 0.046546585857868195 10636
1576886439560 5.042097091674805 10672
1576886441276 3.2493276596069336 10712
1576886441982 1.604797601699829 10724
1576886443334 1.9606654644012451 10762
1576886444725 3.8678627014160156 10797
1576886446063 0.7633804678916931 10829
1576886447515 1.7312487363815308 10862
1576886448966 3.407654285430908 10896
1576886450446 2.658111095428467 10934
1576886451914 4.027154922485352 10969
1576886453537 2.3963329792022705 11007
1576886455005 2.876704692840576 11040
1576886456457 3.335235595703125 11077
1576886457922 1.7479753494262695 11111
1576886459310 2.642709732055664 11146
1576886460808 6.721318244934082 11181
1576886462409 5.528541564941406 11221
1576886462881 0.0223745945841074 11224
1576886464122 3.508390426635742 11258
1576886465652 3.8053689002990723 11298
1576886466073 0.024203917011618614 11299
1576886467396 5.7432403564453125 11337
1576886468862 2.1030523777008057 11372
1576886470239 2.2516016960144043 11404
1576886471841 4.397367477416992 11444
1576886473366 3.312229633331299 11482
1576886474974 2.974252462387085 11521
1576886476471 3.4557113647460938 11557
1576886477981 2.070124387741089 11595
1576886479489 3.1058766841888428 11629
1576886480986 1.5094646215438843 11664
1576886482443 3.389225721359253 11703
1576886483935 1.5538794994354248 11737
1576886485418 2.597320318222046 11771
1576886486992 5.0650553703308105 11809
1576886488587 2.211621046066284 11849
1576886490046 3.3384289741516113 11883
1576886491467 2.81411075592041 11915
1576886492902 2.565190553665161 11948
1576886494345 3.104893922805786 11987
1576886495805 5.089900970458984 12020
1576886497216 1.5959010124206543 12054
1576886498676 3.4829154014587402 12088
1576886500171 1.810165524482727 12125
1576886501694 1.275513768196106 12162
1576886503072 2.356452226638794 12195
1576886504600 1.773056149482727 12233
1576886506097 2.531496047973633 12267
1576886507666 4.117306709289551 12305
1576886509350 3.7188055515289307 12344
1576886510834 1.77299964427948 12380
1576886512280 8.377796173095703 12412
1576886513681 2.5910487174987793 12445
1576886515218 2.8945140838623047 12482
1576886516866 2.6155269145965576 12522
1576886518337 11.782821655273438 12556
1576886519853 1.15609872341156 12593
1576886521286 2.2245545387268066 12626
1576886522762 7.922898769378662 12663
1576886524282 1.778915524482727 12701
1576886525796 1.7862951755523682 12737
1576886527215 3.7777507305145264 12770
1576886528518 1.6153044700622559 12802
1576886529936 4.234976768493652 12835
1576886531303 9.922503471374512 12866
1576886532775 4.253329277038574 12904
1576886534382 1.9245963096618652 12942
1576886535906 3.3887200355529785 12974
1576886537302 1.5302083492279053 13008
1576886538851 1.3737242221832275 13044
1576886540331 6.4133782386779785 13079
1576886541912 15.308039665222168 13118
1576886543402 8.272957801818848 13153
1576886544872 3.584052801132202 13190
1576886546405 2.883540630340576 13225
1576886547770 3.8943076133728027 13256
1576886549311 2.568268299102783 13291
1576886550794 1.1938865184783936 13327
1576886552306 3.4455437660217285 13361
1576886553838 4.54819917678833 13401
1576886554257 0.00017579685663804412 13402
1576886555445 1.5321592092514038 13439
1576886557017 4.518253803253174 13476
1576886558568 6.566073894500732 13511
1576886560105 1.7722172737121582 13548
1576886561569 8.279932022094727 13582
1576886563095 8.988636016845703 13619
1576886564777 1.774601936340332 13657
1576886566265 2.592787742614746 13691
1576886567841 5.205699443817139 13731
1576886568293 0.002921594073995948 13733
1576886569485 0.7231901288032532 13767
1576886570987 2.5143120288848877 13805
1576886572477 1.1363224983215332 13839
1576886573953 2.4575295448303223 13874
1576886575506 13.590627670288086 13914
1576886575931 0.0001630078040761873 13915
1576886577172 11.57097339630127 13951
1576886578687 3.064899444580078 13984
1576886580117 1.2634316682815552 14018
1576886581532 4.879241466522217 14053
1576886583025 3.4620752334594727 14087
1576886584635 8.597086906433105 14127
1576886586112 2.109295606613159 14160
1576886587678 5.1573896408081055 14200
1576886589243 2.48183274269104 14240
1576886589721 0.004041500389575958 14242
1576886590985 4.567739009857178 14277
1576886592399 6.403432369232178 14310
1576886593935 16.116296768188477 14345
1576886595446 2.411001443862915 14380
1576886596999 3.622258186340332 14416
1576886598437 0.9464131593704224 14451
1576886599915 3.8663783073425293 14488
1576886601435 3.0399482250213623 14523
1576886603055 3.5456254482269287 14560
1576886604631 6.227085113525391 14600
1576886605065 0.014914024621248245 14601
1576886606322 1.9917757511138916 14635
1576886607777 1.4560763835906982 14668
1576886609351 1.8500765562057495 14707
1576886610817 3.041245698928833 14740
1576886612299 4.902181625366211 14774
1576886613648 2.797834634780884 14808
1576886615136 4.219978332519531 14844
1576886616555 4.165816783905029 14879
1576886617984 2.0873095989227295 14914
1576886619542 2.0656445026397705 14954
1576886621209 2.706357955932617 14994
1576886621665 0.022108696401119232 14996
1576886622798 1.2247059345245361 15028
1576886624360 6.194482803344727 15068
1576886624834 0.022952109575271606 15071
1576886626079 9.687816619873047 15106
1576886627474 1.054304838180542 15139
1576886629043 8.506007194519043 15177
1576886630490 0.9947125911712646 15207
1576886631929 6.5133056640625 15243
1576886633418 1.6386687755584717 15277
1576886634948 1.58063805103302 15314
1576886636517 2.847653388977051 15349
1576886638085 1.8171961307525635 15385
1576886639723 3.215507984161377 15424
1576886641363 2.7581229209899902 15463
1576886642956 3.450735569000244 15500
1576886644609 3.6446597576141357 15538
1576886646216 3.6255526542663574 15577
1576886647736 2.1018362045288086 15614
1576886649223 1.7511162757873535 15650
1576886650621 7.105709075927734 15683
1576886652081 2.888073682785034 15717
1576886653517 1.6898444890975952 15751
1576886654960 1.4448699951171875 15784
1576886656524 5.664952278137207 15821
1576886657940 3.1263844966888428 15857
1576886659464 3.230193853378296 15896
1576886660849 2.135852575302124 15929
1576886662290 4.29498815536499 15964
1576886663797 2.874443292617798 16001
1576886665353 1.0508960485458374 16037
1576886666880 2.0357213020324707 16071
1576886668350 3.488337755203247 16105
1576886669721 1.9805738925933838 16136
1576886671165 2.6486377716064453 16171
1576886672582 2.5479791164398193 16207
1576886674123 2.380228281021118 16242
1576886675602 8.44287109375 16275
1576886677065 0.6033250093460083 16311
1576886678562 2.038562297821045 16346
1576886680068 5.494539260864258 16380
1576886681568 1.313241720199585 16416
1576886683046 1.8619354963302612 16449
1576886684541 2.1581690311431885 16486
1576886686014 2.436715841293335 16519
1576886687436 3.0993003845214844 16553
1576886688833 2.2440812587738037 16588
1576886690276 2.2786853313446045 16621
1576886691773 1.3660411834716797 16659
1576886693408 2.423607349395752 16697
1576886694843 1.216629147529602 16730
1576886696229 2.8232858180999756 16763
1576886697637 1.6217756271362305 16798
1576886699326 9.1841402053833 16838
1576886699748 0.00592504208907485 16839
1576886701073 6.922318458557129 16879
1576886701518 2.1000583728891797e-05 16881
1576886702793 2.794692039489746 16917
1576886704337 3.844557762145996 16955
1576886705788 2.511512041091919 16990
1576886707187 9.346342086791992 17022
1576886708710 0.6930569410324097 17058
1576886710115 1.7687339782714844 17090
1576886711529 2.1523337364196777 17123
1576886713077 3.7087161540985107 17155
1576886714440 1.3523731231689453 17189
1576886715919 3.3971540927886963 17226
1576886717447 2.3905959129333496 17262
1576886718964 4.920783996582031 17300
1576886720343 2.3571627140045166 17331
1576886721829 3.95308780670166 17367
1576886723279 14.635153770446777 17402
1576886724763 2.3345279693603516 17434
1576886726090 2.409024715423584 17464
1576886727480 2.9337620735168457 17499
1576886729056 4.604019641876221 17539
1576886730692 9.164445877075195 17578
1576886732199 3.1539626121520996 17612
1576886733574 3.7789885997772217 17644
1576886735022 1.6991780996322632 17678
1576886736624 6.59372091293335 17718
1576886737089 0.26582133769989014 17721
1576886738232 3.0582637786865234 17753
1576886739802 2.626502752304077 17790
1576886741312 3.708869218826294 17826
1576886742877 4.955257415771484 17861
1576886744431 6.953116416931152 17897
1576886745826 2.004849433898926 17930
1576886747222 5.701224327087402 17966
1576886748732 1.3012542724609375 17999
1576886750097 3.8147501945495605 18030
1576886751577 12.901265144348145 18066
1576886753097 1.979704737663269 18099
1576886754591 8.35972785949707 18133
1576886756076 1.5623667240142822 18170
1576886757621 2.480353355407715 18207
1576886759130 4.200427055358887 18241
1576886760628 4.45069694519043 18276
1576886762065 3.1958422660827637 18309
1576886763586 9.211823463439941 18346
1576886765131 2.6804890632629395 18383
1576886766613 1.0323295593261719 18418
1576886768154 2.911733388900757 18453
1576886769631 1.4329867362976074 18485
1576886770984 1.106666088104248 18519
1576886772401 1.562432885169983 18552
1576886773849 2.7393271923065186 18586
1576886775259 3.7095935344696045 18616
1576886776763 2.658599376678467 18654
1576886778299 1.6315861940383911 18689
1576886779741 5.15566873550415 18722
1576886781209 1.2991595268249512 18755
1576886782666 1.4012104272842407 18791
1576886784220 2.1443753242492676 18828
1576886785735 7.6815314292907715 18865
1576886787218 2.0232343673706055 18900
1576886788636 4.833438873291016 18934
1576886790102 1.6813730001449585 18969
1576886791464 1.6752707958221436 19002
1576886792912 7.751463413238525 19035
1576886794464 3.177898406982422 19072
1576886795991 1.2308861017227173 19108
1576886797446 3.828834295272827 19141
1576886798841 3.2625551223754883 19175
1576886800417 8.84097957611084 19215
1576886801826 1.7729905843734741 19248
1576886803375 1.118312120437622 19285
1576886804869 1.415698766708374 19316
1576886806331 2.804356336593628 19351
1576886807771 2.2748818397521973 19384
1576886809235 8.094398498535156 19420
1576886810674 7.394501686096191 19452
1576886812236 4.287578105926514 19489
1576886813748 4.17352819442749 19526
1576886815261 5.957693576812744 19560
1576886816693 2.61650013923645 19593
1576886818059 3.3477060794830322 19624
1576886819553 3.4290404319763184 19662
1576886821081 2.0708839893341064 19697
1576886822451 2.6986255645751953 19729
1576886824012 3.2975425720214844 19767
1576886825577 1.1459630727767944 19804
1576886827085 5.254230976104736 19838
1576886828575 0.9529628753662109 19874
1576886830133 5.1915717124938965 19912
1576886831620 1.7893784046173096 19946
1576886833228 3.421405076980591 19986
1576886833651 0.0033978240098804235 19987
1576886834824 1.4169172048568726 20020
1576886836396 4.824869632720947 20057
1576886837980 6.356541633605957 20094
1576886839412 6.753083229064941 20127
1576886840870 2.83310604095459 20160
1576886842436 1.7953218221664429 20200
1576886843890 4.5656890869140625 20229
1576886845291 3.787471294403076 20262
1576886846907 5.731313228607178 20301
1576886848437 1.2576793432235718 20337
1576886849935 3.1117517948150635 20373
1576886851521 1.7642178535461426 20410
1576886853096 1.7987661361694336 20444
1576886854674 1.7505509853363037 20481
1576886856110 2.0848491191864014 20514
1576886857650 1.8118587732315063 20550
1576886859115 1.993823766708374 20582
1576886860662 5.039938926696777 20619
1576886862136 1.199904203414917 20654
1576886863606 2.209886312484741 20687
1576886865040 2.599940299987793 20721
1576886866530 4.175386905670166 20756
1576886868005 1.3195257186889648 20791
1576886869388 1.756028652191162 20825
1576886870883 23.323259353637695 20865
1576886871482 1.4393327236175537 20873
1576886872801 4.375582218170166 20913
1576886874387 1.707156777381897 20951
1576886875837 3.113401174545288 20983
1576886877272 1.828823208808899 21018
1576886878892 4.015510082244873 21054
1576886880520 6.389507293701172 21092
1576886881910 0.8490246534347534 21125
1576886883590 0.6838251948356628 21161
1576886884959 1.873227596282959 21192
1576886886435 1.4516738653182983 21229
1576886887833 2.2155189514160156 21261
1576886889338 3.0673739910125732 21297
1576886890702 2.574957847595215 21328
1576886892139 1.0479099750518799 21362
1576886893644 3.3162600994110107 21396
1576886895110 2.310978889465332 21431
1576886896738 1.3747273683547974 21471
1576886897296 0.08799196034669876 21475
1576886898587 2.543253183364868 21511
1576886900139 5.141475677490234 21549
1576886901677 1.8009376525878906 21584
1576886903288 4.353965759277344 21624
1576886903721 0.054230690002441406 21626
1576886904970 4.226726531982422 21662
1576886906523 3.5673136711120605 21697
1576886907925 1.7783136367797852 21729
1576886909537 1.6833387613296509 21769
1576886910080 0.10390028357505798 21773
1576886911283 3.1392428874969482 21805
1576886912686 1.7829229831695557 21838
1576886914163 4.127583980560303 21874
1576886915648 3.8912973403930664 21908
1576886917141 5.0410685539245605 21942
1576886918724 5.275477886199951 21982
1576886920252 2.7084238529205322 22016
1576886921688 1.3444956541061401 22049
1576886923143 2.252647638320923 22084
1576886924621 3.5929603576660156 22117
1576886926102 2.244143009185791 22153
1576886927583 6.4908623695373535 22187
1576886929108 3.4336001873016357 22223
1576886930574 3.9810590744018555 22257
1576886932034 1.245258092880249 22290
1576886933457 1.012319803237915 22321
1576886934862 1.965419054031372 22354
1576886936328 1.1046377420425415 22390
1576886937795 11.759288787841797 22424
1576886939308 1.8064839839935303 22458
1576886940830 1.254347562789917 22493
1576886942413 2.3144893646240234 22530
1576886944034 1.5706512928009033 22566
1576886945662 10.76123046875 22606
1576886946094 0.006104588974267244 22607
1576886947302 1.009838581085205 22641
1576886948946 1.8932905197143555 22680
1576886950459 3.3252675533294678 22717
1576886951935 2.2966694831848145 22753
1576886953410 3.5315306186676025 22785
1576886954847 2.754760265350342 22817
1576886956301 2.152937173843384 22852
1576886957872 3.142012119293213 22888
1576886959489 3.839982509613037 22925
1576886960934 1.2825343608856201 22958
1576886962372 1.1744358539581299 22993
1576886963818 1.0754163265228271 23024
1576886965394 2.4285786151885986 23061
1576886966797 4.7191548347473145 23091
1576886968194 4.889345169067383 23124
1576886969655 3.1378748416900635 23157
1576886971193 9.058895111083984 23196
1576886972645 1.7800734043121338 23230
1576886974091 1.9269026517868042 23264
1576886975713 2.4354443550109863 23303
1576886977177 1.680342435836792 23337
1576886978597 4.35660982131958 23371
1576886980121 0.963346004486084 23407
1576886981699 2.9876253604888916 23444
1576886983210 1.0493249893188477 23478
1576886984660 2.403975486755371 23511
1576886986112 1.21815025806427 23547
1576886987654 2.606619358062744 23580
1576886989180 5.726914882659912 23614
1576886990720 26.764829635620117 23653
1576886992150 1.4504210948944092 23687
1576886993763 8.376580238342285 23724
1576886995290 2.370867967605591 23759
1576886996823 1.5401004552841187 23799
1576886998345 2.5089399814605713 23836
1576887000022 2.828399658203125 23876
1576887001432 1.9346104860305786 23905
1576887002871 2.1400418281555176 23937
1576887004366 2.7527289390563965 23973
1576887005870 1.5322538614273071 24009
1576887007441 1.581037998199463 24045
1576887008974 2.6537957191467285 24079
1576887010353 1.5115731954574585 24111
1576887011844 2.6193032264709473 24145
1576887013456 2.1952691078186035 24185
1576887013923 0.07108751684427261 24186
1576887015087 1.0726420879364014 24217
1576887016595 7.288649082183838 24254
1576887018109 9.84476375579834 24286
1576887019540 2.6134798526763916 24318
1576887020921 0.5654388070106506 24351
1576887022390 3.6623032093048096 24384
1576887023867 3.99822998046875 24419
1576887025343 1.310084342956543 24455
1576887026728 1.2692071199417114 24487
1576887028330 5.3094072341918945 24527
1576887028780 0.15682384371757507 24529
1576887030076 1.8747248649597168 24564
1576887031568 1.7005280256271362 24599
1576887033046 1.181520700454712 24633
1576887034582 5.545822620391846 24669
1576887036027 1.0996705293655396 24701
1576887037475 1.0767550468444824 24734
1576887038916 5.8846282958984375 24766
1576887040353 1.272483229637146 24802
1576887041941 2.580413341522217 24838
1576887043483 5.655247211456299 24874
1576887045160 5.990799903869629 24914
1576887046758 5.700765132904053 24951
1576887048244 2.902555465698242 24985
1576887049701 2.175032377243042 25018
1576887051153 2.2320902347564697 25053
1576887052675 4.005391597747803 25086
1576887054051 1.639323115348816 25121
1576887055483 1.831144094467163 25154
1576887056863 2.7063872814178467 25187
1576887058314 3.885901927947998 25221
1576887059755 2.133225202560425 25253
1576887061111 2.6881725788116455 25288
1576887062505 11.55944538116455 25320
1576887063925 4.473214626312256 25353
1576887065361 2.310588836669922 25386
1576887066846 2.5011425018310547 25420
1576887068312 1.8449562788009644 25456
1576887069820 1.7408714294433594 25490
1576887071199 4.356599807739258 25520
1576887072576 1.6030564308166504 25551
1576887074081 1.3811959028244019 25587
1576887075500 3.4014577865600586 25619
1576887076993 1.6902135610580444 25654
1576887078536 1.7972971200942993 25689
1576887079995 4.2157979011535645 25721
1576887081468 4.036580562591553 25754
1576887082777 1.083371877670288 25784
1576887084402 2.6261377334594727 25821
1576887085857 2.6600818634033203 25856
1576887087316 10.174049377441406 25892
1576887088840 1.2349441051483154 25926
1576887090321 3.149183988571167 25962
1576887091712 2.030139446258545 25994
1576887093197 1.0347446203231812 26028
1576887094712 1.3490536212921143 26063
1576887096212 3.18972110748291 26094
1576887097684 2.0810327529907227 26129
1576887099188 1.7202305793762207 26163
1576887100636 4.105010509490967 26198
1576887102115 2.3935320377349854 26235
1576887103544 2.099987506866455 26271
1576887105069 3.2794525623321533 26306
1576887106615 2.7050280570983887 26344
1576887108158 8.142560005187988 26380
1576887109714 1.3592361211776733 26414
1576887111091 1.1602802276611328 26445
1576887112536 3.9326696395874023 26481
1576887113985 2.1194067001342773 26514
1576887115446 2.4077749252319336 26549
1576887116962 1.2887243032455444 26586
1576887118519 0.5932780504226685 26620
1576887119992 2.5736796855926514 26654
1576887121418 0.8763294816017151 26688
1576887123018 3.2402119636535645 26727
1576887124551 2.0670793056488037 26760
1576887126107 2.1966826915740967 26796
1576887127809 1.2859169244766235 26836
1576887129313 2.674891948699951 26869
1576887130723 5.416024208068848 26901
1576887132243 1.8064837455749512 26935
1576887133755 1.4132955074310303 26974
1576887135253 1.610598087310791 27008
1576887136780 2.6793837547302246 27043
1576887138237 8.410097122192383 27079
1576887139761 1.3565285205841064 27116
1576887141214 2.486576795578003 27151
1576887142669 5.298663139343262 27183
1576887144155 2.7905235290527344 27219
1576887145630 1.1409720182418823 27255
1576887147169 0.7366772294044495 27290
1576887148647 2.393507242202759 27321
1576887150149 1.4046502113342285 27357
1576887151595 1.3118170499801636 27389
1576887153002 3.7972919940948486 27424
1576887154393 4.806016445159912 27457
1576887155993 1.5644264221191406 27493
1576887157506 2.103989839553833 27529
1576887159012 3.18330454826355 27561
1576887160510 2.0245931148529053 27594
1576887162052 1.4907207489013672 27631
1576887163596 6.6173014640808105 27668
1576887165095 0.9818647503852844 27703
1576887166639 1.7450816631317139 27739
1576887168093 4.713698387145996 27776
1576887169560 2.4299118518829346 27803
1576887171027 2.726644277572632 27835
1576887172464 14.12923526763916 27868
1576887173995 2.2901782989501953 27905
1576887175458 4.55818510055542 27936
1576887176894 1.6339696645736694 27970
1576887178280 1.9384771585464478 28002
1576887179790 2.244183301925659 28037
1576887181163 4.3797221183776855 28069
1576887182627 1.8809736967086792 28103
1576887184085 1.7770941257476807 28136
1576887185526 1.0648010969161987 28172
1576887187016 10.45247745513916 28207
1576887188598 9.244216918945312 28243
1576887190214 1.413949966430664 28281
1576887191696 2.3251161575317383 28317
1576887193312 1.7013057470321655 28352
1576887194710 1.7379848957061768 28383
1576887196164 3.1016218662261963 28414
1576887197713 1.0391199588775635 28449
1576887199105 2.8308873176574707 28478
1576887200593 3.644535541534424 28509
1576887202239 3.169084072113037 28543
1576887203702 3.7609355449676514 28576
1576887205255 2.498288631439209 28613
1576887206698 1.6482963562011719 28647
1576887208235 2.9551033973693848 28683
1576887209937 3.9037818908691406 28723
1576887210415 0.0497526116669178 28725
1576887211781 12.261086463928223 28762
1576887213214 3.062110662460327 28793
1576887214648 9.331452369689941 28827
1576887216060 3.077291488647461 28861
1576887217571 26.84011459350586 28901
1576887218192 2.6359901428222656 28912
1576887219429 4.384148120880127 28948
1576887221016 6.178408145904541 28987
1576887222430 5.029658794403076 29020
1576887224028 1.3702363967895508 29059
1576887225766 7.330677509307861 29099
1576887227327 5.047600746154785 29132
1576887228837 13.57062816619873 29168
1576887230349 2.5993218421936035 29204
1576887231842 4.31097412109375 29237
1576887233288 3.2386319637298584 29270
1576887234743 4.001940727233887 29303
1576887236214 4.034389019012451 29337
1576887237643 1.731347918510437 29369
1576887239124 3.0199334621429443 29401
1576887240621 2.3838415145874023 29435
1576887242163 2.1357548236846924 29472
1576887243671 9.80595874786377 29506
1576887245116 5.659168243408203 29539
1576887246634 2.605327606201172 29574
1576887248132 5.421998977661133 29608
1576887249780 6.299029350280762 29648
1576887250210 0.0017713516717776656 29649
1576887251597 7.710500717163086 29689
1576887253159 4.257236003875732 29725
1576887254711 2.029524803161621 29758
1576887256253 2.2643063068389893 29792
1576887257716 2.7705280780792236 29826
1576887259191 2.235198497772217 29860
1576887260661 1.1448440551757812 29895
1576887262170 2.4875614643096924 29929
1576887263609 3.094123363494873 29963
1576887265031 2.142242193222046 29996
1576887266578 15.58803939819336 30033
1576887268032 2.906697988510132 30066
1576887269497 3.0773255825042725 30102
1576887271039 1.9102187156677246 30139
1576887272520 4.493671894073486 30172
1576887274029 1.527550220489502 30209
1576887275567 3.7420873641967773 30243
1576887277021 2.2006161212921143 30277
1576887278448 8.90678596496582 30310
1576887279861 4.092340469360352 30341
1576887281315 6.46010160446167 30377
1576887282808 2.847649574279785 30410
1576887284306 1.348705768585205 30444
1576887285766 3.3254055976867676 30476
1576887287166 4.743318557739258 30507
1576887288626 2.471050500869751 30542
1576887290014 1.1176177263259888 30573
1576887291380 2.582183837890625 30606
1576887293040 4.783201217651367 30646
1576887293505 0.18740558624267578 30648
1576887294810 2.346994161605835 30684
1576887296316 6.203723430633545 30722
1576887297757 1.3085764646530151 30755
1576887299442 6.748849868774414 30795
1576887299903 0.10075398534536362 30796
1576887301177 3.4786298274993896 30832
1576887302584 2.71274471282959 30864
1576887304048 3.602595806121826 30900
1576887305637 1.9667507410049438 30940
1576887306115 0.004160928074270487 30941
1576887307247 3.20833683013916 30972
1576887308726 3.7052459716796875 31006
1576887310130 4.0671820640563965 31036
1576887311567 1.0918258428573608 31069
1576887313017 2.012035846710205 31102
1576887314499 1.883832335472107 31139
1576887315855 2.6128854751586914 31171
1576887317244 1.0288136005401611 31202
1576887318830 7.636406898498535 31242
1576887320537 4.362762451171875 31282
1576887322122 6.313023090362549 31322
1576887323631 5.067307949066162 31358
1576887325187 3.2610840797424316 31393
1576887326783 2.1745705604553223 31429
1576887328305 12.364859580993652 31465
1576887329876 5.413950443267822 31501
1576887331384 1.9522716999053955 31535
1576887332923 2.711585760116577 31569
1576887334625 0.8725448250770569 31609
1576887336131 1.203100562095642 31643
1576887337529 3.062586784362793 31675
1576887338958 2.479995012283325 31711
1576887340620 2.7664523124694824 31751
1576887341046 0.00408785417675972 31752
1576887342306 7.991489887237549 31788
1576887343871 1.3956643342971802 31823
1576887345394 3.702294111251831 31856
1576887346841 14.450618743896484 31887
1576887348293 3.578354597091675 31919
1576887349791 3.5448732376098633 31953
1576887351207 2.664483070373535 31984
1576887352715 5.042644500732422 32021
1576887354237 3.42659068107605 32056
1576887355845 2.3036868572235107 32093
1576887357275 10.81736946105957 32127
1576887358731 2.3063714504241943 32160
1576887360254 0.572754979133606 32196
1576887361739 2.1878654956817627 32232
1576887363310 1.2410058975219727 32267
1576887364857 1.5554838180541992 32301
1576887366460 2.6603047847747803 32337
1576887367897 3.1854493618011475 32373
1576887369359 2.374922037124634 32408
1576887370797 2.106497049331665 32442
1576887372251 3.768852710723877 32475
1576887373765 1.9162365198135376 32508
1576887375257 7.069706916809082 32545
1576887376699 1.029172658920288 32578
1576887378110 0.6720457673072815 32610
1576887379507 1.8773080110549927 32641
1576887380943 2.1358914375305176 32674
1576887382520 1.2389922142028809 32709
1576887383999 0.8946404457092285 32744
1576887385531 2.545898675918579 32780
1576887386983 1.2900400161743164 32815
1576887388402 1.4248734712600708 32849
1576887389851 1.4753375053405762 32885
1576887391394 4.127273082733154 32919
1576887392834 1.5596140623092651 32952
1576887394421 2.5901808738708496 32989
1576887395883 3.5174665451049805 33025
1576887397357 3.4123289585113525 33058
1576887398984 4.299704074859619 33095
1576887400449 3.242310047149658 33127
1576887401941 2.1668899059295654 33163
1576887403429 1.1317424774169922 33197
1576887404907 16.69272804260254 33232
1576887406437 1.4846782684326172 33266
1576887407969 4.185604572296143 33303
1576887409518 7.407073020935059 33337
1576887410971 2.138247489929199 33369
1576887412620 1.3771530389785767 33406
1576887414155 0.973427951335907 33442
1576887415706 3.7705304622650146 33476
1576887417244 2.892165184020996 33512
1576887418761 3.080415964126587 33546
1576887420160 1.4969087839126587 33579
1576887421579 1.3558613061904907 33610
1576887423132 1.6436954736709595 33648
1576887424646 4.646467685699463 33682
1576887426108 0.7410972118377686 33717
1576887427644 2.657693386077881 33751
1576887429191 1.756216287612915 33783
1576887430707 9.504273414611816 33817
1576887432158 4.064144134521484 33850
1576887433582 1.0712058544158936 33882
1576887435257 1.8466928005218506 33922
1576887435736 0.14284268021583557 33924
1576887437042 3.1926324367523193 33960
1576887438590 1.4954622983932495 33995
1576887440113 1.0316423177719116 34027
1576887441625 0.9004052877426147 34062
1576887443139 1.1711355447769165 34097
1576887444641 2.428370952606201 34132
1576887446141 7.905660152435303 34168
1576887447590 1.3226096630096436 34200
1576887448965 3.3983407020568848 34233
1576887450350 2.489227533340454 34265
1576887451871 6.886213302612305 34300
1576887453432 1.3534996509552002 34335
1576887454962 2.5220465660095215 34369
1576887456368 2.521604299545288 34402
1576887457872 1.8099313974380493 34438
1576887459430 1.8341724872589111 34474
1576887460902 2.5557966232299805 34507
1576887462392 2.107820749282837 34543
1576887463882 0.9392629861831665 34578
1576887465376 1.488468885421753 34614
1576887466730 6.900748252868652 34640
1576887468247 8.081339836120605 34679
1576887469845 8.77357006072998 34714
1576887471302 3.2810964584350586 34749
1576887472837 1.5761877298355103 34787
1576887474325 1.935855746269226 34821
1576887475856 3.6480836868286133 34858
1576887477297 1.9278254508972168 34892
1576887478949 2.348942279815674 34932
1576887479455 0.012442861683666706 34935
1576887480694 5.126216888427734 34969
1576887482245 9.169734954833984 35005
1576887483821 3.862497568130493 35041
1576887485420 5.742276668548584 35079
